[gd_scene load_steps=5 format=3 uid="uid://ckxfi0ep0474b"]

[ext_resource type="PackedScene" uid="uid://q41yd0cm8fdm" path="res://assets/decimated_dragon1.glb" id="1_diyts"]
[ext_resource type="Script" path="res://characters/player/dragon.gd" id="2_dj7nn"]
[ext_resource type="Script" path="res://scenes/camera_origin.gd" id="3_1vn7m"]
[ext_resource type="PackedScene" uid="uid://m8665lqknwro" path="res://characters/player/dragon.tscn" id="3_n86dl"]

[node name="Node3D" type="Node3D"]

[node name="decimated_dragon1" parent="." instance=ExtResource("1_diyts")]
transform = Transform3D(1, 0, 0, 0, 1, 0, 0, 0, 1, -0.303387, 0, -1.0708)
visible = false
script = ExtResource("2_dj7nn")

[node name="Dragon" parent="." instance=ExtResource("3_n86dl")]
transform = Transform3D(1, 0, 0, 0, 6.98129e-05, -1, 0, 1, 6.98129e-05, 0, 0, 0)
script = ExtResource("2_dj7nn")

[node name="Armature" parent="Dragon" index="0"]
transform = Transform3D(1, 0, 0, 0, 1, 0, 0, 0, 1, 0, 0, 0)

[node name="Skeleton3D" parent="Dragon/Armature" index="0"]
bones/0/rotation = Quaternion(6.43579e-08, -0.522814, 0.852447, -3.94713e-08)
bones/1/rotation = Quaternion(6.71342e-08, -0.45748, 0.88922, 3.45388e-08)
bones/2/rotation = Quaternion(0.109342, 1.18494e-07, 1.30346e-08, 0.994004)
bones/3/rotation = Quaternion(-0.618281, 9.36936e-08, -2.21114e-07, 0.785957)
bones/4/rotation = Quaternion(0.555182, -1.70859e-14, 2.64731e-07, 0.831729)
bones/6/rotation = Quaternion(0.462622, -0.195589, -0.689692, 0.521585)
bones/6/scale = Vector3(1, 1, 1)
bones/7/rotation = Quaternion(-0.0769245, 0.163974, 0.737146, 0.651007)
bones/7/scale = Vector3(1, 1, 1)
bones/8/rotation = Quaternion(-0.201867, 9.51498e-10, 0.0347395, 0.978797)
bones/9/rotation = Quaternion(-0.510252, 0.109856, -0.659995, 0.540352)
bones/10/rotation = Quaternion(0.0704827, -0.0537241, 0.533721, 0.841004)
bones/10/scale = Vector3(1, 1, 1)
bones/11/rotation = Quaternion(-0.237742, -0.00787774, -0.458799, 0.856108)
bones/12/rotation = Quaternion(-0.267359, 0.00220824, -0.68477, 0.677942)
bones/13/rotation = Quaternion(-0.265346, -1.99988e-07, -0.785686, 0.558828)
bones/14/rotation = Quaternion(0.186509, -0.000861132, 0.917968, -0.350068)
bones/15/rotation = Quaternion(-0.212349, -3.93771e-07, -0.618139, 0.756844)
bones/17/rotation = Quaternion(-0.0769246, -0.163974, -0.737146, 0.651007)
bones/18/rotation = Quaternion(-0.201867, -2.09329e-08, -0.0347395, 0.978797)
bones/19/rotation = Quaternion(-0.510252, -0.109856, 0.659995, 0.540352)
bones/20/rotation = Quaternion(0.0704827, 0.0537241, -0.533721, 0.841004)
bones/21/rotation = Quaternion(-0.237742, 0.00787779, 0.458799, 0.856108)
bones/22/rotation = Quaternion(-0.267359, -0.00220819, 0.68477, 0.677941)
bones/23/rotation = Quaternion(-0.265346, 3.59978e-07, 0.785686, 0.558828)
bones/24/rotation = Quaternion(-0.186509, -0.000861075, 0.917968, 0.350068)
bones/25/rotation = Quaternion(-0.212349, 3.34706e-07, 0.618139, 0.756844)
bones/26/position = Vector3(1.36816e-09, 1.20297, 5.15588e-08)
bones/26/rotation = Quaternion(0.522794, 0.00457465, -0.00745897, 0.852414)
bones/26/scale = Vector3(1, 1, 1)
bones/27/position = Vector3(4.59769e-09, 1.20299, 6.69297e-08)
bones/27/rotation = Quaternion(-0.0499794, 1.13932e-10, -9.26777e-10, 0.99875)
bones/27/scale = Vector3(1, 1, 1)
bones/28/position = Vector3(-1.12623e-08, 2.40867, 3.05474e-07)
bones/28/rotation = Quaternion(-0.0534085, -1.28758e-10, 1.2196e-09, 0.998573)
bones/29/position = Vector3(-0.00118328, 2.66255, -3.92199e-05)
bones/29/rotation = Quaternion(1.28632e-05, 2.70298e-05, -0.000128801, 1)
bones/29/scale = Vector3(1, 1, 1)
bones/30/position = Vector3(-0.0046681, 2.4387, -0.000103772)
bones/30/rotation = Quaternion(1.81219e-05, 0.000106733, -0.000508675, 1)
bones/30/scale = Vector3(1, 1, 1)
bones/31/position = Vector3(-0.00905151, 2.11847, -0.000145078)
bones/31/rotation = Quaternion(2.00152e-05, 0.000206916, -0.000986325, 0.999999)
bones/31/scale = Vector3(1, 1, 1)
bones/32/rotation = Quaternion(0.891747, -0.29388, 0.102225, 0.328589)
bones/33/rotation = Quaternion(-0.0714834, -1.86649e-07, -0.294304, 0.953035)
bones/34/rotation = Quaternion(-0.771931, 0.031962, -0.120574, 0.623348)
bones/36/rotation = Quaternion(0.891747, 0.29388, -0.102225, 0.328589)
bones/37/rotation = Quaternion(-0.0714833, 2.57008e-07, 0.294305, 0.953035)
bones/37/scale = Vector3(1, 1, 1)
bones/39/rotation = Quaternion(0.744666, 0.0513336, -0.0371964, 0.66442)

[node name="IKController3D" parent="Dragon/Armature/Skeleton3D" index="1"]
transform = Transform3D(-0.999783, -0.0203736, -0.00427357, 0.020817, -0.978488, -0.205251, 8.70787e-08, -0.205296, 0.9787, -0.175066, -10.664, -1.72344)
enable_preview = true

[node name="Tip" parent="Dragon/Armature/Skeleton3D" index="2"]
transform = Transform3D(-0.999124, 0.0418404, -2.921e-06, -0.0418408, -0.999115, -6.1169e-08, -2.92103e-06, 6.10962e-08, 0.999991, -0.288927, -16.1323, -2.87051)

[node name="DirectionalLight3D" type="DirectionalLight3D" parent="."]
transform = Transform3D(0.999582, 0, 0.0289161, -0.0219745, 0.649992, 0.759623, -0.0187952, -0.759941, 0.64972, 0, 8.35808, 9.67949)

[node name="CameraOrigin" type="Node3D" parent="."]
script = ExtResource("3_1vn7m")

[node name="Camera3D" type="Camera3D" parent="CameraOrigin"]
transform = Transform3D(-1, 4.37114e-08, -7.57103e-08, 0, 0.866025, 0.5, 8.74228e-08, 0.5, -0.866025, 0, 11.7359, -12.7468)

[editable path="Dragon"]
