[gd_scene load_steps=6 format=3 uid="uid://ckxfi0ep0474b"]

[ext_resource type="PackedScene" uid="uid://q41yd0cm8fdm" path="res://assets/decimated_dragon1.glb" id="1_diyts"]
[ext_resource type="Script" path="res://characters/player/dragon.gd" id="2_dj7nn"]
[ext_resource type="Script" path="res://scenes/camera_origin.gd" id="3_1vn7m"]
[ext_resource type="PackedScene" uid="uid://m8665lqknwro" path="res://characters/player/dragon.tscn" id="3_n86dl"]

[sub_resource type="StandardMaterial3D" id="StandardMaterial3D_5a4s6"]
transparency = 1
albedo_color = Color(1, 1, 1, 0.317647)

[node name="Node3D" type="Node3D"]

[node name="decimated_dragon1" parent="." instance=ExtResource("1_diyts")]
transform = Transform3D(1, 0, 0, 0, 1, 0, 0, 0, 1, -0.303387, 0, -1.0708)
visible = false
script = ExtResource("2_dj7nn")

[node name="Dragon" parent="." instance=ExtResource("3_n86dl")]
transform = Transform3D(1, 0, 0, 0, 6.98129e-05, -1, 0, 1, 6.98129e-05, 0, 0, 0)
script = ExtResource("2_dj7nn")

[node name="Armature" parent="Dragon" index="0"]
transform = Transform3D(1, 0, 0, 0, 1, 0, 0, 0, 1, 0, 0, 0)

[node name="Skeleton3D" parent="Dragon/Armature" index="0"]
bones/26/position = Vector3(9.31032e-14, 1.20299, 8.42417e-07)
bones/26/rotation = Quaternion(0.556957, 0.0411721, -0.0740999, 0.826204)
bones/26/scale = Vector3(1, 1, 1)
bones/27/position = Vector3(-0.00211282, 1.12252, 0.432573)
bones/27/rotation = Quaternion(-0.0118583, -4.25355e-06, -5.73085e-05, 0.99993)
bones/27/scale = Vector3(1, 1, 1)
bones/28/position = Vector3(-0.00154307, 0.851398, 0.332105)
bones/28/rotation = Quaternion(-0.0120618, -2.74105e-06, -5.45279e-05, 0.999927)
bones/28/scale = Vector3(1, 1, 1)
bones/29/position = Vector3(-0.00164997, 0.948457, 0.374382)
bones/29/rotation = Quaternion(-0.0137955, -1.4163e-06, -5.81678e-05, 0.999905)
bones/29/scale = Vector3(1, 1, 1)
bones/30/position = Vector3(-0.00134924, 0.815497, 0.326097)
bones/30/rotation = Quaternion(-0.0163942, 3.74435e-07, -6.41292e-05, 0.999866)
bones/30/scale = Vector3(1, 1, 1)
bones/31/position = Vector3(-0.00152907, 0.986463, 0.400242)
bones/31/rotation = Quaternion(-0.0199715, 3.05934e-06, -7.24336e-05, 0.999801)
bones/31/scale = Vector3(1, 1, 1)
bones/32/position = Vector3(-0.00124845, 0.879773, 0.362874)
bones/32/rotation = Quaternion(-0.020822, 5.8107e-06, -6.98429e-05, 0.999783)
bones/32/scale = Vector3(1, 1, 1)
bones/33/position = Vector3(-0.000994602, 0.778541, 0.326182)
bones/33/rotation = Quaternion(-0.0286459, 1.17771e-05, -8.83802e-05, 0.99959)
bones/33/scale = Vector3(1, 1, 1)
bones/34/position = Vector3(-0.00113485, 1.05592, 0.450858)
bones/34/rotation = Quaternion(-0.0385942, 2.18072e-05, -0.000107733, 0.999255)
bones/35/position = Vector3(-0.000801664, 1.01854, 0.443966)
bones/35/rotation = Quaternion(-0.0439002, 3.18769e-05, -0.000109924, 0.999036)
bones/35/scale = Vector3(1, 1, 1)
bones/36/position = Vector3(-0.000406973, 0.923855, 0.409267)
bones/36/rotation = Quaternion(-0.0549697, 5.1083e-05, -0.000127456, 0.998488)
bones/36/scale = Vector3(1, 1, 1)
bones/37/position = Vector3(2.05021e-05, 1.02138, 0.456203)
bones/37/rotation = Quaternion(-0.064654, 7.18917e-05, -0.000131335, 0.997908)
bones/37/scale = Vector3(1, 1, 1)
bones/38/position = Vector3(0.000578271, 0.972152, 0.429828)
bones/38/rotation = Quaternion(-0.0824611, 0.000127804, -0.000168784, 0.996594)
bones/38/scale = Vector3(1, 1, 1)
bones/39/position = Vector3(0.00163038, 1.19821, 0.503139)
bones/39/rotation = Quaternion(-0.0765299, 0.000101278, -9.69374e-05, 0.997067)
bones/39/scale = Vector3(1, 1, 1)

[node name="Mesh1" parent="Dragon/Armature/Skeleton3D" index="0"]
surface_material_override/0 = SubResource("StandardMaterial3D_5a4s6")

[node name="IKController3D" parent="Dragon/Armature/Skeleton3D" index="1"]
transform = Transform3D(-0.985175, -0.108789, -0.132643, 0.171549, -0.624757, -0.761741, 9.09786e-08, -0.773204, 0.634158, -2.19365, -12.786, 2.54346)

[node name="Tip" parent="Dragon/Armature/Skeleton3D" index="2"]
transform = Transform3D(-0.997474, 0.0710268, -4.95858e-06, -0.0710274, -0.997465, -1.76347e-07, -4.95863e-06, 1.76282e-07, 0.999991, -3.25139, -18.8604, -4.86284)

[node name="PoleTarget" parent="Dragon/Armature/Skeleton3D" index="3"]
transform = Transform3D(-1, -1.32835e-07, -1.10971e-06, -4.1183e-07, 0.970198, 0.24231, 1.01476e-06, 0.24231, -0.970198, -0.0596919, -14.0237, -7.66693)

[node name="DirectionalLight3D" type="DirectionalLight3D" parent="."]
transform = Transform3D(0.999582, 0, 0.0289161, -0.0219745, 0.649992, 0.759623, -0.0187952, -0.759941, 0.64972, 0, 8.35808, 9.67949)

[node name="CameraOrigin" type="Node3D" parent="."]
script = ExtResource("3_1vn7m")

[node name="Camera3D" type="Camera3D" parent="CameraOrigin"]
transform = Transform3D(-1, 4.37114e-08, -7.57103e-08, 0, 0.866025, 0.5, 8.74228e-08, 0.5, -0.866025, 0, 11.7359, -12.7468)

[editable path="Dragon"]
