[gd_scene load_steps=9 format=3 uid="uid://ckxfi0ep0474b"]

[ext_resource type="PackedScene" uid="uid://q41yd0cm8fdm" path="res://assets/decimated_dragon1.glb" id="1_diyts"]
[ext_resource type="Script" path="res://characters/player/dragon.gd" id="2_dj7nn"]
[ext_resource type="Script" path="res://scenes/camera_origin.gd" id="3_1vn7m"]
[ext_resource type="PackedScene" uid="uid://m8665lqknwro" path="res://characters/player/dragon.tscn" id="3_n86dl"]
[ext_resource type="Script" path="res://characters/player/ik_controller_3d.gd" id="4_tke5f"]

[sub_resource type="StandardMaterial3D" id="StandardMaterial3D_tcm64"]
transparency = 1
albedo_color = Color(0.290196, 0.415686, 0.435294, 0.803922)

[sub_resource type="StandardMaterial3D" id="StandardMaterial3D_vg5uf"]
albedo_color = Color(1, 0, 1, 1)

[sub_resource type="SphereMesh" id="SphereMesh_7xt18"]
material = SubResource("StandardMaterial3D_vg5uf")

[node name="Node3D" type="Node3D"]

[node name="decimated_dragon1" parent="." instance=ExtResource("1_diyts")]
transform = Transform3D(1, 0, 0, 0, 1, 0, 0, 0, 1, -0.303387, 0, -1.0708)
visible = false
script = ExtResource("2_dj7nn")

[node name="Dragon" parent="." instance=ExtResource("3_n86dl")]
transform = Transform3D(1, 0, 0, 0, 0.812399, -0.583101, 0, 0.583101, 0.812399, 0, 0, 0)
script = ExtResource("2_dj7nn")

[node name="Armature" parent="Dragon" index="0"]
transform = Transform3D(1, 0, 0, 0, 1, 0, 0, 0, 1, 0, 1.66284, -1.62036)

[node name="Skeleton3D" parent="Dragon/Armature" index="0"]
transform = Transform3D(1, 0, 0, 0, 1, 0, 0, 0, 1, -0.00624299, 0.0249463, -0.00348115)
bones/0/rotation = Quaternion(6.43579e-08, -0.522814, 0.852447, -3.94713e-08)
bones/0/scale = Vector3(1, 1, 1)
bones/1/scale = Vector3(1, 1, 1)
bones/2/rotation = Quaternion(0.109342, 1.18495e-07, 1.30346e-08, 0.994004)
bones/3/rotation = Quaternion(-0.618281, 9.36935e-08, -2.21115e-07, 0.785957)
bones/7/rotation = Quaternion(-0.0769248, 0.163974, 0.737146, 0.651007)
bones/8/rotation = Quaternion(-0.201867, 1.59376e-07, 0.0347395, 0.978797)
bones/8/scale = Vector3(1, 1, 1)
bones/9/rotation = Quaternion(-0.510253, 0.109856, -0.659995, 0.540352)
bones/9/scale = Vector3(1, 1, 1)
bones/10/rotation = Quaternion(0.0704831, -0.0537245, 0.533721, 0.841004)
bones/10/scale = Vector3(1, 1, 1)
bones/11/rotation = Quaternion(-0.237742, -0.00787739, -0.458799, 0.856107)
bones/11/scale = Vector3(1, 1, 1)
bones/12/rotation = Quaternion(-0.267359, 0.00220876, -0.68477, 0.677941)
bones/12/scale = Vector3(1, 1, 1)
bones/13/scale = Vector3(1, 1, 1)
bones/14/rotation = Quaternion(0.186509, -0.000861635, 0.917968, -0.350068)
bones/14/scale = Vector3(1, 1, 1)
bones/15/rotation = Quaternion(-0.212348, 0, -0.618138, 0.756844)
bones/15/scale = Vector3(1, 1, 1)
bones/16/rotation = Quaternion(0.462622, 0.195589, 0.689692, 0.521585)
bones/16/scale = Vector3(1, 1, 1)
bones/18/rotation = Quaternion(-0.201867, 2.37874e-08, -0.0347395, 0.978797)
bones/18/scale = Vector3(1, 1, 1)
bones/19/rotation = Quaternion(-0.510253, -0.109856, 0.659995, 0.540352)
bones/19/scale = Vector3(1, 1, 1)
bones/21/rotation = Quaternion(-0.237742, 0.00787757, 0.458799, 0.856107)
bones/21/scale = Vector3(1, 1, 1)
bones/22/rotation = Quaternion(-0.26736, -0.00220862, 0.68477, 0.677941)
bones/22/scale = Vector3(1, 1, 1)
bones/23/rotation = Quaternion(-0.265347, -9.33276e-08, 0.785686, 0.558828)
bones/23/scale = Vector3(1, 1, 1)
bones/25/rotation = Quaternion(-0.212349, 0, 0.618138, 0.756844)
bones/26/position = Vector3(1.20653e-14, 1.20299, 1.19209e-07)
bones/26/rotation = Quaternion(0.512902, -2.0467e-07, -1.99731e-07, 0.858447)
bones/27/position = Vector3(-1.33562e-14, 0.913879, -1.19209e-07)
bones/27/rotation = Quaternion(-0.164902, 0.000894997, 0.00535547, 0.986295)
bones/27/scale = Vector3(1, 1, 1)
bones/28/position = Vector3(-2.56114e-09, 1.01967, -1.82069e-07)
bones/28/rotation = Quaternion(0.0205618, 0.00243825, 0.00590866, 0.999768)
bones/28/scale = Vector3(1, 1, 1)
bones/29/position = Vector3(1.86265e-09, 0.87828, 5.36238e-08)
bones/29/rotation = Quaternion(-0.0172155, 0.00472828, -0.00230005, 0.999838)
bones/29/scale = Vector3(1, 1, 1)
bones/30/position = Vector3(-7.45058e-09, 1.06457, -2.37313e-07)
bones/30/rotation = Quaternion(-0.003683, 0.00146085, -0.00134907, 0.999991)
bones/30/scale = Vector3(1, 1, 1)
bones/31/position = Vector3(7.45058e-09, 0.951672, -1.92784e-07)
bones/31/rotation = Quaternion(0.00343931, 0.00166, -0.00234603, 0.99999)
bones/31/scale = Vector3(1, 1, 1)
bones/32/position = Vector3(0, 0.84411, 5.72763e-08)
bones/32/rotation = Quaternion(-0.0155977, 0.000575228, -0.00120137, 0.999877)
bones/32/scale = Vector3(1, 1, 1)
bones/33/position = Vector3(-3.72529e-09, 1.14815, 6.17001e-09)
bones/33/rotation = Quaternion(0.00814898, 0.000900521, -0.0047254, 0.999955)
bones/33/scale = Vector3(1, 1, 1)
bones/34/position = Vector3(-2.32831e-09, 1.1111, 2.43774e-07)
bones/34/rotation = Quaternion(0.00224987, -0.000281078, -0.0022094, 0.999995)
bones/34/scale = Vector3(1, 1, 1)
bones/35/position = Vector3(0, 1.01045, -1.06636e-07)
bones/35/rotation = Quaternion(0.00440968, -0.000851316, -0.00241145, 0.999987)
bones/35/scale = Vector3(1, 1, 1)
bones/36/position = Vector3(1.30385e-08, 1.11863, 2.0978e-07)
bones/36/rotation = Quaternion(-0.0213335, -0.00190655, -0.0028951, 0.999766)
bones/36/scale = Vector3(1, 1, 1)
bones/37/position = Vector3(-1.49012e-08, 1.06294, -1.66893e-06)
bones/37/rotation = Quaternion(-0.593177, 0.243302, -0.291228, 0.710022)
bones/37/scale = Vector3(1, 1, 1)
bones/38/position = Vector3(4.76837e-07, 1.06294, -9.53674e-07)
bones/38/rotation = Quaternion(-2.60771e-08, 2.83122e-07, 2.98023e-08, 1)
bones/38/scale = Vector3(1, 1, 1)
bones/39/position = Vector3(-4.76837e-07, 1.29956, -4.76837e-07)
bones/39/rotation = Quaternion(-3.7253e-08, 2.77534e-07, -7.45058e-08, 1)
bones/39/scale = Vector3(1, 1, 1)
bones/40/rotation = Quaternion(0.891747, -0.29388, 0.102225, 0.328589)
bones/40/scale = Vector3(1, 1, 1)
bones/41/rotation = Quaternion(-0.0714834, -4.09454e-07, -0.294304, 0.953035)
bones/41/scale = Vector3(1, 1, 1)
bones/42/rotation = Quaternion(-0.771931, 0.031962, -0.120574, 0.623348)
bones/42/scale = Vector3(1, 1, 1)
bones/44/rotation = Quaternion(0.891747, 0.29388, -0.102225, 0.328589)
bones/45/rotation = Quaternion(-0.0714833, 4.11409e-07, 0.294304, 0.953035)
bones/46/rotation = Quaternion(-0.771931, -0.0319619, 0.120574, 0.623348)
bones/47/rotation = Quaternion(0.744666, 0.0513335, -0.0371963, 0.664419)

[node name="Mesh1" parent="Dragon/Armature/Skeleton3D" index="0"]
surface_material_override/0 = SubResource("StandardMaterial3D_tcm64")

[node name="IKController3D" parent="Dragon/Armature/Skeleton3D" index="1"]
transform = Transform3D(-0.701143, -0.109471, -0.704568, 0.663296, 0.262406, -0.700842, 0.261605, -0.958728, -0.111373, -0.207048, -9.85437, -5.85983)

[node name="IKController3D2" type="BoneAttachment3D" parent="Dragon/Armature/Skeleton3D" index="2" node_paths=PackedStringArray("target", "skeleton", "pole_target")]
transform = Transform3D(0.999919, -0.0127371, -0.000353725, 0.00688872, 0.563734, -0.825928, 0.0107193, 0.825858, 0.563776, 1.99217e-13, 6.52721, -1.0052)
bone_name = "Head"
bone_idx = 5
script = ExtResource("4_tke5f")
target = NodePath("../Tip2")
skeleton = NodePath("..")
pole_target = NodePath("../PoleTarget")
metadata/_edit_group_ = true

[node name="Tip" parent="Dragon/Armature/Skeleton3D" index="3"]
transform = Transform3D(-0.999402, -0.0343153, 0.00432013, -0.031119, 0.946721, 0.320632, -0.015092, 0.320306, -0.947219, -0.995549, -7.96429, -12.7654)

[node name="Tip2" type="MeshInstance3D" parent="Dragon/Armature/Skeleton3D" index="4"]
transform = Transform3D(-0.999402, -0.0343153, 0.00432013, -0.031119, 0.946721, 0.320632, -0.015092, 0.320306, -0.947219, -1.99662, 12.8276, 10.4896)
mesh = SubResource("SphereMesh_7xt18")
skeleton = NodePath("../IKController3D")

[node name="DirectionalLight3D" type="DirectionalLight3D" parent="."]
transform = Transform3D(0.999582, 0, 0.0289161, -0.0219745, 0.649992, 0.759623, -0.0187952, -0.759941, 0.64972, 0, 8.35808, 9.67949)

[node name="CameraOrigin" type="Node3D" parent="."]
script = ExtResource("3_1vn7m")

[node name="Camera3D" type="Camera3D" parent="CameraOrigin"]
transform = Transform3D(-1, 4.37114e-08, -7.57103e-08, 0, 0.866025, 0.5, 8.74228e-08, 0.5, -0.866025, 0, 11.7359, -12.7468)

[editable path="Dragon"]
