[gd_scene load_steps=9 format=3 uid="uid://ckxfi0ep0474b"]

[ext_resource type="PackedScene" uid="uid://q41yd0cm8fdm" path="res://assets/decimated_dragon1.glb" id="1_diyts"]
[ext_resource type="Script" uid="uid://dbtxki3t6urd6" path="res://characters/player/dragon.gd" id="2_dj7nn"]
[ext_resource type="Script" uid="uid://cjolw1cujruuj" path="res://scenes/camera_origin.gd" id="3_1vn7m"]
[ext_resource type="PackedScene" uid="uid://m8665lqknwro" path="res://characters/player/dragon.tscn" id="3_n86dl"]
[ext_resource type="Script" uid="uid://dli3utnpqjlhe" path="res://characters/player/ik_controller_3d.gd" id="4_tke5f"]

[sub_resource type="StandardMaterial3D" id="StandardMaterial3D_tcm64"]
transparency = 1
albedo_color = Color(0.290196, 0.415686, 0.435294, 0.803922)

[sub_resource type="StandardMaterial3D" id="StandardMaterial3D_vg5uf"]
albedo_color = Color(1, 0, 1, 1)

[sub_resource type="SphereMesh" id="SphereMesh_7xt18"]
material = SubResource("StandardMaterial3D_vg5uf")

[node name="Node3D" type="Node3D"]

[node name="decimated_dragon1" parent="." instance=ExtResource("1_diyts")]
transform = Transform3D(1, 0, 0, 0, 1, 0, 0, 0, 1, -0.303387, 0, -1.0708)
visible = false
script = ExtResource("2_dj7nn")

[node name="Dragon" parent="." instance=ExtResource("3_n86dl")]
transform = Transform3D(1, 0, 0, 0, 0.812399, -0.583101, 0, 0.583101, 0.812399, 0, 0, 0)
script = ExtResource("2_dj7nn")

[node name="Armature" parent="Dragon" index="0"]
transform = Transform3D(1, 0, 0, 0, 1, 0, 0, 0, 1, 0, 1.66284, -1.62036)

[node name="Skeleton3D" parent="Dragon/Armature" index="0"]
transform = Transform3D(1, 0, 0, 0, 1, 0, 0, 0, 1, -0.00624299, 0.0249463, -0.00348115)
bones/26/position = Vector3(1.20653e-14, 1.20299, 1.19209e-07)
bones/26/rotation = Quaternion(0.512902, -2.0467e-07, -1.99731e-07, 0.858447)
bones/27/position = Vector3(-1.33562e-14, 0.913879, -1.19209e-07)
bones/27/rotation = Quaternion(-0.164902, 0.000894997, 0.00535547, 0.986295)
bones/28/position = Vector3(-2.56114e-09, 1.01967, -1.82069e-07)
bones/28/rotation = Quaternion(0.0205618, 0.00243825, 0.00590866, 0.999768)
bones/29/position = Vector3(1.86265e-09, 0.87828, 5.36238e-08)
bones/29/rotation = Quaternion(-0.0172155, 0.00472828, -0.00230005, 0.999838)
bones/30/position = Vector3(-7.45058e-09, 1.06457, -2.37313e-07)
bones/30/rotation = Quaternion(-0.003683, 0.00146085, -0.00134907, 0.999991)
bones/31/position = Vector3(7.45058e-09, 0.951672, -1.92784e-07)
bones/31/rotation = Quaternion(0.00343931, 0.00166, -0.00234603, 0.99999)
bones/32/position = Vector3(0, 0.84411, 5.72763e-08)
bones/32/rotation = Quaternion(-0.0155977, 0.000575228, -0.00120137, 0.999877)
bones/33/position = Vector3(-3.72529e-09, 1.14815, 6.17001e-09)
bones/33/rotation = Quaternion(0.00814898, 0.000900521, -0.0047254, 0.999955)
bones/34/position = Vector3(-2.32831e-09, 1.1111, 2.43774e-07)
bones/34/rotation = Quaternion(0.00224987, -0.000281078, -0.0022094, 0.999995)
bones/35/position = Vector3(0, 1.01045, -1.06636e-07)
bones/35/rotation = Quaternion(0.00440968, -0.000851316, -0.00241145, 0.999987)
bones/36/position = Vector3(1.30385e-08, 1.11863, 2.0978e-07)
bones/36/rotation = Quaternion(-0.0213335, -0.00190655, -0.0028951, 0.999766)
bones/37/position = Vector3(-2.98023e-08, 1.06293, 5.72205e-06)
bones/37/rotation = Quaternion(-0.648727, 0.110865, -0.126829, 0.742143)
bones/37/scale = Vector3(1, 1, 1)
bones/38/position = Vector3(0, 1.06294, 9.53674e-07)
bones/38/rotation = Quaternion(2.01166e-07, 2.226e-14, 1.11759e-07, 1)
bones/38/scale = Vector3(1, 1, 1)
bones/39/position = Vector3(-4.76837e-07, 1.29957, 0)
bones/39/rotation = Quaternion(-1.63913e-07, -9.31322e-09, -6.70552e-08, 1)
bones/39/scale = Vector3(1, 1, 1)

[node name="Mesh1" parent="Dragon/Armature/Skeleton3D" index="0"]
surface_material_override/0 = SubResource("StandardMaterial3D_tcm64")

[node name="IKController3D" parent="Dragon/Armature/Skeleton3D" index="1"]
transform = Transform3D(-0.937957, -0.0288563, -0.345548, 0.326281, 0.263884, -0.907693, 0.117377, -0.964123, -0.238096, -0.016597, -9.85088, -5.87258)

[node name="IKController3D2" type="BoneAttachment3D" parent="Dragon/Armature/Skeleton3D" index="2" node_paths=PackedStringArray("target", "skeleton", "pole_target")]
transform = Transform3D(0.999919, -0.0127371, -0.000353725, 0.00688872, 0.563734, -0.825928, 0.0107193, 0.825859, 0.563776, 1.8502e-12, 6.52721, -1.0052)
bone_name = "Head"
bone_idx = 5
script = ExtResource("4_tke5f")
target = NodePath("../Tip2")
skeleton = NodePath("..")
pole_target = NodePath("../PoleTarget")
metadata/_edit_group_ = true

[node name="Tip" parent="Dragon/Armature/Skeleton3D" index="3"]
transform = Transform3D(-0.999402, -0.0343153, 0.00432013, -0.031119, 0.946721, 0.320632, -0.015092, 0.320306, -0.947219, -0.2229, -7.96429, -12.7654)

[node name="Tip2" type="MeshInstance3D" parent="Dragon/Armature/Skeleton3D" index="4"]
transform = Transform3D(-0.999402, -0.0343153, 0.00432013, -0.031119, 0.946721, 0.320632, -0.015092, 0.320306, -0.947219, 1.48159, 13.0481, 10.3313)
mesh = SubResource("SphereMesh_7xt18")
skeleton = NodePath("../IKController3D")

[node name="DirectionalLight3D" type="DirectionalLight3D" parent="."]
transform = Transform3D(0.999582, 0, 0.0289161, -0.0219745, 0.649992, 0.759623, -0.0187952, -0.759941, 0.64972, 0, 8.35808, 9.67949)

[node name="CameraOrigin" type="Node3D" parent="."]
script = ExtResource("3_1vn7m")

[node name="Camera3D" type="Camera3D" parent="CameraOrigin"]
transform = Transform3D(-1, 4.37114e-08, -7.57103e-08, 0, 0.866025, 0.5, 8.74228e-08, 0.5, -0.866025, 0, 11.7359, -12.7468)

[editable path="Dragon"]
