[gd_scene load_steps=6 format=3 uid="uid://ckxfi0ep0474b"]

[ext_resource type="PackedScene" uid="uid://q41yd0cm8fdm" path="res://assets/decimated_dragon1.glb" id="1_diyts"]
[ext_resource type="Script" path="res://characters/player/dragon.gd" id="2_dj7nn"]
[ext_resource type="Script" path="res://scenes/camera_origin.gd" id="3_1vn7m"]
[ext_resource type="PackedScene" uid="uid://m8665lqknwro" path="res://characters/player/dragon.tscn" id="3_n86dl"]

[sub_resource type="StandardMaterial3D" id="StandardMaterial3D_5a4s6"]
transparency = 1
albedo_color = Color(1, 1, 1, 0.317647)

[node name="Node3D" type="Node3D"]

[node name="decimated_dragon1" parent="." instance=ExtResource("1_diyts")]
transform = Transform3D(1, 0, 0, 0, 1, 0, 0, 0, 1, -0.303387, 0, -1.0708)
visible = false
script = ExtResource("2_dj7nn")

[node name="Dragon" parent="." instance=ExtResource("3_n86dl")]
transform = Transform3D(1, 0, 0, 0, 6.98129e-05, -1, 0, 1, 6.98129e-05, 0, 0, 0)
script = ExtResource("2_dj7nn")

[node name="Armature" parent="Dragon" index="0"]
transform = Transform3D(1, 0, 0, 0, 1, 0, 0, 0, 1, 0, 0, 0)

[node name="Skeleton3D" parent="Dragon/Armature" index="0"]
bones/26/position = Vector3(8.36587e-12, 1.20299, 7.39674e-08)
bones/26/rotation = Quaternion(0.0229902, -0.439497, 0.238417, 0.86572)
bones/26/scale = Vector3(1, 1, 1)
bones/27/position = Vector3(-0.0209751, 1.20272, -0.0138329)
bones/27/rotation = Quaternion(-2.51891e-08, 0.0507918, -0.0293247, 0.998279)
bones/27/scale = Vector3(1, 1, 1)
bones/28/position = Vector3(-0.014757, 0.913673, -0.0125943)
bones/28/rotation = Quaternion(0, 0.178362, -0.102977, 0.978562)
bones/28/scale = Vector3(1, 1, 1)
bones/29/position = Vector3(-0.0101351, 1.01942, -0.0205341)
bones/29/rotation = Quaternion(-1.97461e-08, 0.119321, -0.0688899, 0.990463)
bones/29/scale = Vector3(1, 1, 1)
bones/30/position = Vector3(-0.00419039, 0.878047, -0.0197688)
bones/30/rotation = Quaternion(1.47491e-08, 0.0478475, -0.0276248, 0.998473)
bones/30/scale = Vector3(1, 1, 1)
bones/31/position = Vector3(-0.0027436, 1.06428, -0.0244631)
bones/31/rotation = Quaternion(3.69257e-08, 0.0299245, -0.0172769, 0.999403)
bones/32/position = Vector3(-0.00112987, 0.951416, -0.0220122)
bones/32/rotation = Quaternion(0.0931495, 0.00803762, -0.00570046, 0.995603)
bones/32/scale = Vector3(1, 1, 1)
bones/33/position = Vector3(-0.000585794, 0.843884, -0.019544)
bones/33/rotation = Quaternion(0.123567, 0.00235148, -0.00259225, 0.99233)
bones/33/scale = Vector3(1, 1, 1)
bones/34/position = Vector3(-0.000499487, 1.14784, -0.0265889)
bones/34/rotation = Quaternion(0.159173, 0.00103546, -0.00212728, 0.987248)
bones/34/scale = Vector3(1, 1, 1)
bones/35/position = Vector3(-0.000211358, 1.1108, -0.0257349)
bones/35/rotation = Quaternion(0.145966, 9.27971e-05, -0.000628231, 0.989289)
bones/35/scale = Vector3(1, 1, 1)
bones/36/position = Vector3(-7.27177e-06, 1.01018, -0.0234046)
bones/36/rotation = Quaternion(0.127261, 5.39932e-05, 0.000421361, 0.991869)
bones/36/scale = Vector3(1, 1, 1)
bones/37/position = Vector3(0.000168204, 1.11833, -0.0259104)
bones/37/rotation = Quaternion(0.134922, 0.000529952, 0.00128784, 0.990855)
bones/37/scale = Vector3(1, 1, 1)
bones/38/position = Vector3(0.000360012, 1.06265, -0.0246181)
bones/38/rotation = Quaternion(0.123183, 0.00171428, 0.00225869, 0.99238)
bones/38/scale = Vector3(1, 1, 1)
bones/39/position = Vector3(0.000735283, 1.29922, -0.0300932)
bones/39/rotation = Quaternion(0.136807, 0.00583143, 0.00453365, 0.99057)
bones/39/scale = Vector3(1, 1, 1)

[node name="Mesh1" parent="Dragon/Armature/Skeleton3D" index="0"]
surface_material_override/0 = SubResource("StandardMaterial3D_5a4s6")

[node name="IKController3D" parent="Dragon/Armature/Skeleton3D" index="1"]
transform = Transform3D(-0.99874, 0.0250926, -0.0434616, -0.0501852, -0.49937, 0.864934, 8.84756e-08, 0.866025, 0.5, 1.53465, -8.81928, -5.32767)

[node name="Tip" parent="Dragon/Armature/Skeleton3D" index="2"]
transform = Transform3D(-0.997474, 0.0710268, -4.95858e-06, -0.0710274, -0.997465, -1.76347e-07, -4.95863e-06, 1.76282e-07, 0.999991, 1.56176, -9.35867, -4.36397)

[node name="PoleTarget" parent="Dragon/Armature/Skeleton3D" index="3"]
transform = Transform3D(-1, -1.32835e-07, -1.10971e-06, -4.1183e-07, 0.970198, 0.24231, 1.01476e-06, 0.24231, -0.970198, -0.0596919, -14.0237, -7.66693)

[node name="DirectionalLight3D" type="DirectionalLight3D" parent="."]
transform = Transform3D(0.999582, 0, 0.0289161, -0.0219745, 0.649992, 0.759623, -0.0187952, -0.759941, 0.64972, 0, 8.35808, 9.67949)

[node name="CameraOrigin" type="Node3D" parent="."]
script = ExtResource("3_1vn7m")

[node name="Camera3D" type="Camera3D" parent="CameraOrigin"]
transform = Transform3D(-1, 4.37114e-08, -7.57103e-08, 0, 0.866025, 0.5, 8.74228e-08, 0.5, -0.866025, 0, 11.7359, -12.7468)

[editable path="Dragon"]
