[gd_scene load_steps=6 format=3 uid="uid://ckxfi0ep0474b"]

[ext_resource type="PackedScene" uid="uid://q41yd0cm8fdm" path="res://assets/decimated_dragon1.glb" id="1_diyts"]
[ext_resource type="Script" path="res://characters/player/dragon.gd" id="2_dj7nn"]
[ext_resource type="Script" path="res://scenes/camera_origin.gd" id="3_1vn7m"]
[ext_resource type="PackedScene" uid="uid://m8665lqknwro" path="res://characters/player/dragon.tscn" id="3_n86dl"]

[sub_resource type="StandardMaterial3D" id="StandardMaterial3D_tcm64"]
transparency = 1
albedo_color = Color(0.290196, 0.415686, 0.435294, 0.803922)

[node name="Node3D" type="Node3D"]

[node name="decimated_dragon1" parent="." instance=ExtResource("1_diyts")]
transform = Transform3D(1, 0, 0, 0, 1, 0, 0, 0, 1, -0.303387, 0, -1.0708)
visible = false
script = ExtResource("2_dj7nn")

[node name="Dragon" parent="." instance=ExtResource("3_n86dl")]
script = ExtResource("2_dj7nn")

[node name="Armature" parent="Dragon" index="0"]
transform = Transform3D(1, 0, 0, 0, 1, 0, 0, 0, 1, 0, 1.66284, -1.62036)

[node name="Skeleton3D" parent="Dragon/Armature" index="0"]
transform = Transform3D(1, 0, 0, 0, 1, 0, 0, 0, 1, -0.00624299, 0.0249463, -0.00348115)
bones/26/position = Vector3(1.20653e-14, 1.20299, 1.19209e-07)
bones/26/rotation = Quaternion(0.512902, -2.0467e-07, -1.99731e-07, 0.858447)
bones/27/position = Vector3(3.10148e-12, 0.913878, 3.75795e-06)
bones/27/rotation = Quaternion(2.89521e-07, -0.386505, 0.922287, 1.21331e-07)
bones/27/scale = Vector3(1, 1, 1)
bones/28/position = Vector3(2.64534e-14, 0.913879, 5.96046e-08)
bones/28/rotation = Quaternion(-5.96047e-08, -3.73551e-14, -4.30665e-14, 1)
bones/28/scale = Vector3(1, 1, 1)
bones/29/position = Vector3(-5.89081e-14, 1.01967, -5.96046e-08)
bones/29/rotation = Quaternion(-2.98023e-08, 7.52734e-22, 3.60485e-21, 1)
bones/29/scale = Vector3(1, 1, 1)
bones/30/position = Vector3(-5.07395e-14, 0.87828, 1.19209e-07)
bones/30/rotation = Quaternion(-1.49012e-07, -7.20971e-21, -7.35529e-21, 1)
bones/30/scale = Vector3(1, 1, 1)
bones/31/position = Vector3(-6.15017e-14, 1.06457, 0)
bones/31/rotation = Quaternion(-2.23517e-07, 3.32692e-21, 3.19953e-21, 1)
bones/31/scale = Vector3(1, 1, 1)
bones/32/position = Vector3(-5.49796e-14, 0.951672, -1.19209e-07)
bones/32/rotation = Quaternion(8.9407e-08, -1.35889e-20, -1.34516e-20, 1)
bones/32/scale = Vector3(1, 1, 1)
bones/33/position = Vector3(-4.87655e-14, 0.84411, 4.76837e-07)
bones/33/rotation = Quaternion(-2.98023e-07, 1.02074e-20, 1.0123e-20, 1)
bones/34/position = Vector3(-6.63302e-14, 1.14815, -2.38419e-07)
bones/34/rotation = Quaternion(-1.04308e-07, -2.97884e-20, -2.77072e-20, 1)
bones/34/scale = Vector3(1, 1, 1)
bones/35/position = Vector3(-6.41898e-14, 1.1111, -2.38419e-07)
bones/35/rotation = Quaternion(-1.93715e-07, 6.86064e-21, 6.11617e-21, 1)
bones/35/scale = Vector3(1, 1, 1)
bones/36/position = Vector3(-5.83752e-14, 1.01045, 0)
bones/36/rotation = Quaternion(8.9407e-08, -2.8455e-22, -6.46855e-22, 1)
bones/36/scale = Vector3(1, 1, 1)
bones/37/position = Vector3(-6.46251e-14, 1.11863, 2.38419e-07)
bones/37/rotation = Quaternion(-4.47035e-08, -6.15422e-22, -7.84167e-22, 1)
bones/38/position = Vector3(-6.14075e-14, 1.06294, -4.76837e-07)
bones/38/rotation = Quaternion(2.5332e-07, 3.67715e-20, 3.44537e-20, 1)
bones/38/scale = Vector3(1, 1, 1)
bones/39/position = Vector3(-7.50779e-14, 1.29957, 4.76837e-07)
bones/39/rotation = Quaternion(-1.49012e-08, 2.32636e-20, 2.34539e-20, 1)
bones/39/scale = Vector3(1, 1, 1)

[node name="Mesh1" parent="Dragon/Armature/Skeleton3D" index="0"]
surface_material_override/0 = SubResource("StandardMaterial3D_tcm64")

[node name="IKController3D" parent="Dragon/Armature/Skeleton3D" index="1"]
transform = Transform3D(1, 5.77113e-14, -7.47101e-14, -2.57079e-22, 0.717558, 0.696499, -8.64222e-17, -0.696499, 0.717558, 8.80798e-17, 8.0006, -8.67378)

[node name="Tip" parent="Dragon/Armature/Skeleton3D" index="2"]
transform = Transform3D(-0.999402, -0.0343153, 0.00432013, -0.0322453, 0.969672, 0.24238, -0.012506, 0.242096, -0.970195, 0, 9.05, -9.69239)

[node name="DirectionalLight3D" type="DirectionalLight3D" parent="."]
transform = Transform3D(0.999582, 0, 0.0289161, -0.0219745, 0.649992, 0.759623, -0.0187952, -0.759941, 0.64972, 0, 8.35808, 9.67949)

[node name="CameraOrigin" type="Node3D" parent="."]
script = ExtResource("3_1vn7m")

[node name="Camera3D" type="Camera3D" parent="CameraOrigin"]
transform = Transform3D(-1, 4.37114e-08, -7.57103e-08, 0, 0.866025, 0.5, 8.74228e-08, 0.5, -0.866025, 0, 11.7359, -12.7468)

[editable path="Dragon"]
