[gd_scene load_steps=30 format=3 uid="uid://m8665lqknwro"]

[ext_resource type="PackedScene" uid="uid://q41yd0cm8fdm" path="res://assets/decimated_dragon1.glb" id="1_qbovm"]
[ext_resource type="Script" uid="uid://dli3utnpqjlhe" path="res://systems/IK/IKBoneController3D.gd" id="2_548jf"]
[ext_resource type="Texture2D" uid="uid://b7wi1s3uvl5ea" path="res://addons/godot-prototype-texture/PNG/grid_512x512/grid_black_512x512.png" id="3_v1oi1"]
[ext_resource type="Script" uid="uid://bwow75ac7xwnk" path="res://characters/player/physical_bone_controller.gd" id="5_4c5uq"]
[ext_resource type="Script" uid="uid://dtmsyoqp1rv33" path="res://systems/IK/IKPhysicalBone3D.gd" id="5_mwo1l"]

[sub_resource type="StandardMaterial3D" id="StandardMaterial3D_v1oi1"]
albedo_texture = ExtResource("3_v1oi1")
uv1_scale = Vector3(4, 4, 4)

[sub_resource type="SphereMesh" id="SphereMesh_4c5uq"]
material = SubResource("StandardMaterial3D_v1oi1")
radius = 0.25
height = 0.5

[sub_resource type="StandardMaterial3D" id="StandardMaterial3D_mwo1l"]
albedo_texture = ExtResource("3_v1oi1")
uv1_scale = Vector3(4, 4, 4)

[sub_resource type="SphereMesh" id="SphereMesh_4jj8v"]
material = SubResource("StandardMaterial3D_mwo1l")
radius = 0.25
height = 0.5

[sub_resource type="StandardMaterial3D" id="StandardMaterial3D_rkrsc"]
albedo_texture = ExtResource("3_v1oi1")
uv1_scale = Vector3(4, 4, 4)

[sub_resource type="SphereMesh" id="SphereMesh_euuxu"]
material = SubResource("StandardMaterial3D_rkrsc")
radius = 0.25
height = 0.5

[sub_resource type="StandardMaterial3D" id="StandardMaterial3D_21qy4"]
albedo_texture = ExtResource("3_v1oi1")
uv1_scale = Vector3(4, 4, 4)

[sub_resource type="SphereMesh" id="SphereMesh_oclpe"]
material = SubResource("StandardMaterial3D_21qy4")
radius = 0.25
height = 0.5

[sub_resource type="CapsuleShape3D" id="CapsuleShape3D_mwo1l"]
radius = 0.120299
height = 0.673

[sub_resource type="CapsuleShape3D" id="CapsuleShape3D_gwsv7"]
radius = 0.159
height = 1.113

[sub_resource type="CapsuleShape3D" id="CapsuleShape3D_2lw3i"]
radius = 0.265
height = 1.29957

[sub_resource type="CapsuleShape3D" id="CapsuleShape3D_pjteb"]
radius = 0.316
height = 1.06294

[sub_resource type="CapsuleShape3D" id="CapsuleShape3D_8stgb"]
radius = 0.422
height = 1.11863

[sub_resource type="CapsuleShape3D" id="CapsuleShape3D_ve5iw"]
radius = 0.461
height = 1.022

[sub_resource type="CapsuleShape3D" id="CapsuleShape3D_sjop0"]
radius = 0.511
height = 1.366

[sub_resource type="CapsuleShape3D" id="CapsuleShape3D_hix3m"]
radius = 0.62
height = 1.503

[sub_resource type="CapsuleShape3D" id="CapsuleShape3D_tob4e"]
radius = 0.759
height = 1.783

[sub_resource type="CapsuleShape3D" id="CapsuleShape3D_wecc2"]
radius = 0.775
height = 1.765

[sub_resource type="CapsuleShape3D" id="CapsuleShape3D_oclpe"]
radius = 0.9335
height = 2.147

[sub_resource type="CapsuleShape3D" id="CapsuleShape3D_21qy4"]
radius = 1.033
height = 2.066

[sub_resource type="CapsuleShape3D" id="CapsuleShape3D_euuxu"]
radius = 1.012
height = 2.364

[sub_resource type="CapsuleShape3D" id="CapsuleShape3D_rkrsc"]
radius = 1.116
height = 2.232

[sub_resource type="BoxShape3D" id="BoxShape3D_4c5uq"]

[sub_resource type="CapsuleMesh" id="CapsuleMesh_4c5uq"]

[node name="Dragon" instance=ExtResource("1_qbovm")]

[node name="Armature" parent="." index="0"]
transform = Transform3D(1, 0, 0, 0, -4.37114e-08, -1, 0, 1, -4.37114e-08, 0, 0, 0)

[node name="Skeleton3D" parent="Armature" index="0"]
animate_physical_bones = false

[node name="TailController" type="BoneAttachment3D" parent="Armature/Skeleton3D" index="1" node_paths=PackedStringArray("target", "simulator")]
transform = Transform3D(0.999633, -0.0224009, -0.0152304, -0.0152304, -0.929757, 0.367858, -0.0224009, -0.367491, -0.929758, 0.00860451, -12.597, -4.44655)
bone_name = "Tail.014"
bone_idx = 39
script = ExtResource("2_548jf")
target = NodePath("../TailTarget")
depth = 14
simulation_enabled = true
editor_preview = true
root_stiffness = 1.0
root_pitch = -0.31
bone_weight = 0.004
stiffness = 0.221
simulator = NodePath("../PhysicalBoneSimulator3D")
metadata/_custom_type_script = "uid://dli3utnpqjlhe"

[node name="TailTarget" type="MeshInstance3D" parent="Armature/Skeleton3D" index="2"]
transform = Transform3D(1, 0, 0, 0, 0.361625, 0.932324, 0, -0.932324, 0.361625, -0.148434, -18.5858, -7.1666)
mesh = SubResource("SphereMesh_4c5uq")
skeleton = NodePath("../../..")
metadata/_custom_type_script = "uid://4mlml6ysrb1b"

[node name="HeadController" type="BoneAttachment3D" parent="Armature/Skeleton3D" index="3" node_paths=PackedStringArray("target")]
transform = Transform3D(0.999919, -0.0127371, -0.00035372, 0.00688872, 0.563733, -0.825928, 0.0107193, 0.825858, 0.563775, -7.92548e-14, 6.5272, -1.0052)
bone_name = "Head"
bone_idx = 5
script = ExtResource("2_548jf")
target = NodePath("../HeadTarget")
depth = 3
simulation_enabled = true
root_stiffness = 0.695
root_pitch = 0.488
stiffness = 0.385
metadata/_custom_type_script = "uid://dli3utnpqjlhe"

[node name="HeadTarget" type="MeshInstance3D" parent="Armature/Skeleton3D" index="4"]
transform = Transform3D(1, 0, 0, 0, 0.361625, 0.932324, 0, -0.932324, 0.361625, 0.397822, 10.5538, 2.12783)
mesh = SubResource("SphereMesh_4jj8v")
skeleton = NodePath("../../..")
metadata/_custom_type_script = "uid://4mlml6ysrb1b"

[node name="LeftFrontLegController" type="BoneAttachment3D" parent="Armature/Skeleton3D" index="5" node_paths=PackedStringArray("target")]
transform = Transform3D(0.779229, 0.0533598, -0.624463, -0.308917, 0.899629, -0.308605, 0.545318, 0.433382, 0.7175, 0.90382, 3.17569, 3.26251)
bone_name = "Leg.Front.003.L"
bone_idx = 8
script = ExtResource("2_548jf")
target = NodePath("../LeftFrontLegTarget")
depth = 3
simulation_enabled = true
root_stiffness = 0.175
root_pitch = -0.569
root_yaw = -0.136
root_roll = -0.361
stiffness = 0.131
metadata/_custom_type_script = "uid://dli3utnpqjlhe"

[node name="LeftFrontLegTarget" type="MeshInstance3D" parent="Armature/Skeleton3D" index="6"]
transform = Transform3D(1, 0, 0, 0, 0.361625, 0.932324, 0, -0.932324, 0.361625, 1.68141, 5.41483, 3.78273)
mesh = SubResource("SphereMesh_euuxu")
skeleton = NodePath("../../..")
metadata/_custom_type_script = "uid://4mlml6ysrb1b"

[node name="LeftWingBaseController" type="BoneAttachment3D" parent="Armature/Skeleton3D" index="7" node_paths=PackedStringArray("target")]
transform = Transform3D(0.405829, 0.388302, 0.82736, -0.878829, -0.0827392, 0.469907, 0.250921, -0.91781, 0.307673, 2.80522, 5.41754, -3.40582)
bone_name = "Wing.Finger.001.L"
bone_idx = 11
script = ExtResource("2_548jf")
target = NodePath("../LeftWingBaseTarget")
depth = 3
simulation_enabled = true
root_stiffness = 0.262
root_pitch = 0.038
root_yaw = -0.404
stiffness = 0.657
rotational_stiffness = 0.775
metadata/_custom_type_script = "uid://dli3utnpqjlhe"

[node name="LeftWingBaseTarget" type="MeshInstance3D" parent="Armature/Skeleton3D" index="8"]
transform = Transform3D(1, 0, 0, 0, 0.361625, 0.932324, 0, -0.932324, 0.361625, 15.3894, 7.3668, -2.73036)
mesh = SubResource("SphereMesh_oclpe")
skeleton = NodePath("../../..")
metadata/_custom_type_script = "uid://4mlml6ysrb1b"

[node name="PhysicalBoneSimulator3D" type="PhysicalBoneSimulator3D" parent="Armature/Skeleton3D" index="9"]
script = ExtResource("5_4c5uq")

[node name="Physical Bone Root" type="PhysicalBone3D" parent="Armature/Skeleton3D/PhysicalBoneSimulator3D" index="0"]
transform = Transform3D(1, -1.34045e-11, -7.5321e-13, 5.40533e-12, 0.453333, -0.891342, 1.22894e-11, 0.891342, 0.453333, -2.34007e-10, -0.520268, 0.264713)
top_level = true
collision_layer = 0
axis_lock_linear_x = true
axis_lock_linear_y = true
axis_lock_linear_z = true
axis_lock_angular_x = true
axis_lock_angular_y = true
axis_lock_angular_z = true
joint_offset = Transform3D(1, 0, 0, 0, 1, 0, 0, 0, 1, 2.34472e-10, -9.65171e-05, 0.619248)
body_offset = Transform3D(1, -1.34045e-11, -7.5321e-13, -7.53198e-13, 8.9407e-07, -1, 1.34045e-11, 1, 8.9407e-07, -2.34007e-10, 0.619248, 9.59635e-05)
bone_name = "Root"

[node name="CollisionShape3D" type="CollisionShape3D" parent="Armature/Skeleton3D/PhysicalBoneSimulator3D/Physical Bone Root" index="0"]
transform = Transform3D(1, 0, 0, 0, 0, 1, 0, -1, 0, 0, 4.65661e-10, -0.428415)
shape = SubResource("CapsuleShape3D_mwo1l")

[node name="Physical Bone Tail_013" type="PhysicalBone3D" parent="Armature/Skeleton3D/PhysicalBoneSimulator3D" index="1"]
transform = Transform3D(0.999587, -0.0187954, 0.0217491, 0.02576, 0.921466, -0.387604, -0.0127559, 0.388004, 0.92157, 0.0260061, 4.12041, -11.8126)
top_level = true
collision_layer = 0
joint_type = 2
joint_offset = Transform3D(0.999998, 0, 0, 0, 0.999998, 0, 0, 0, 0.999997, -0.000434218, 0.000630265, 0.138497)
body_offset = Transform3D(0.999984, -0.00539992, 0.00148604, 0.00146361, -0.00415784, -0.999991, 0.00540604, 0.999977, -0.00414979, 0.000231802, 0.138499, -5.31673e-05)
bone_name = "Tail.013"
joint_constraints/swing_span = 15.0
joint_constraints/twist_span = 1.0
joint_constraints/bias = 0.3
joint_constraints/softness = 0.8
joint_constraints/relaxation = 1.0
script = ExtResource("5_mwo1l")
metadata/_custom_type_script = "uid://dtmsyoqp1rv33"

[node name="CollisionShape3D" type="CollisionShape3D" parent="Armature/Skeleton3D/PhysicalBoneSimulator3D/Physical Bone Tail_013" index="0"]
transform = Transform3D(1, 0, 0, 0, 0, 1, 0, -1, 0, 4.65662e-10, 0.00185888, -0.387078)
shape = SubResource("CapsuleShape3D_gwsv7")

[node name="Physical Bone Tail_012" type="PhysicalBone3D" parent="Armature/Skeleton3D/PhysicalBoneSimulator3D" index="2"]
transform = Transform3D(0.999678, -0.0165298, 0.0192443, 0.0224172, 0.930709, -0.365072, -0.0118763, 0.365386, 0.93078, 0.0418438, 3.78402, -10.9586)
top_level = true
collision_layer = 0
joint_type = 2
joint_offset = Transform3D(1, 0, 0, 0, 1, 0, 0, 0, 1, -0.000264168, 0.00074231, 0.520073)
body_offset = Transform3D(0.999989, -0.00446939, 0.00152361, 0.0015162, -0.00166431, -0.999998, 0.00447191, 0.999989, -0.00165746, -0.000524908, 0.520074, 0.000120878)
bone_name = "Tail.012"
joint_constraints/swing_span = 15.0
joint_constraints/twist_span = 1.0
joint_constraints/bias = 0.3
joint_constraints/softness = 0.8
joint_constraints/relaxation = 1.0
script = ExtResource("5_mwo1l")
metadata/_custom_type_script = "uid://dtmsyoqp1rv33"

[node name="CollisionShape3D" type="CollisionShape3D" parent="Armature/Skeleton3D/PhysicalBoneSimulator3D/Physical Bone Tail_012" index="0"]
transform = Transform3D(1, 0, 0, 0, 0, 1, 0, -1, 0, 1.91358e-09, -0.0466186, -0.105335)
shape = SubResource("CapsuleShape3D_2lw3i")

[node name="Physical Bone Tail_011" type="PhysicalBone3D" parent="Armature/Skeleton3D/PhysicalBoneSimulator3D" index="3"]
transform = Transform3D(0.99976, -0.0133449, 0.0173756, 0.0190072, 0.922741, -0.384952, -0.0108961, 0.38519, 0.922773, 0.0589418, 3.38132, -9.95813)
top_level = true
collision_layer = 0
joint_type = 2
joint_offset = Transform3D(1, 0, 0, 0, 1, 0, 0, 0, 1, -8.23823e-06, 0.000403948, 0.504303)
body_offset = Transform3D(0.999993, -0.00325259, 0.00219533, 0.00218888, -0.00198963, -0.999996, 0.00325694, 0.999993, -0.00198239, -0.00109756, 0.504302, 0.000595808)
bone_name = "Tail.011"
joint_constraints/swing_span = 15.0
joint_constraints/twist_span = 1.0
joint_constraints/bias = 0.3
joint_constraints/softness = 0.8
joint_constraints/relaxation = 1.0
script = ExtResource("5_mwo1l")
metadata/_custom_type_script = "uid://dtmsyoqp1rv33"

[node name="CollisionShape3D" type="CollisionShape3D" parent="Armature/Skeleton3D/PhysicalBoneSimulator3D/Physical Bone Tail_011" index="0"]
transform = Transform3D(1, 0, 0, 0, 0, 1, 0, -1, 0, 1.45519e-11, -0.0478552, -0.00943398)
shape = SubResource("CapsuleShape3D_pjteb")

[node name="Physical Bone Tail_010" type="PhysicalBone3D" parent="Armature/Skeleton3D/PhysicalBoneSimulator3D" index="4"]
transform = Transform3D(0.999873, -0.010925, 0.011592, 0.0142367, 0.939335, -0.342706, -0.00714472, 0.342827, 0.939371, 0.0720415, 3.00084, -8.99224)
top_level = true
collision_layer = 0
joint_type = 2
joint_offset = Transform3D(1, 0, 0, 0, 1, 0, 0, 0, 1, 0.000309067, 0.00318271, 0.58455)
body_offset = Transform3D(0.999992, -0.00379323, 0.0014047, 0.00140717, 0.000645936, -0.999999, 0.00379232, 0.999993, 0.00065133, -0.00111811, 0.584547, -0.0035646)
bone_name = "Tail.010"
joint_constraints/swing_span = 15.0
joint_constraints/twist_span = 1.0
joint_constraints/bias = 0.3
joint_constraints/softness = 0.8
joint_constraints/relaxation = 1.0
script = ExtResource("5_mwo1l")
metadata/_custom_type_script = "uid://dtmsyoqp1rv33"

[node name="CollisionShape3D" type="CollisionShape3D" parent="Armature/Skeleton3D/PhysicalBoneSimulator3D/Physical Bone Tail_010" index="0"]
transform = Transform3D(1, 0, 0, 0, 0.0828952, 0.996558, 0, -0.996558, 0.0828952, 3.49602e-07, -0.069678, 0.0873845)
shape = SubResource("CapsuleShape3D_8stgb")

[node name="Physical Bone Tail_009" type="PhysicalBone3D" parent="Armature/Skeleton3D/PhysicalBoneSimulator3D" index="5"]
transform = Transform3D(0.999949, -0.00694547, 0.00734575, 0.00908786, 0.935873, -0.352219, -0.00442836, 0.352268, 0.935889, 0.0808712, 2.61468, -7.96462)
top_level = true
collision_layer = 0
joint_type = 2
joint_offset = Transform3D(1, 0, 0, 0, 1, 0, 0, 0, 1, -0.000133659, 0.00932237, 0.49711)
body_offset = Transform3D(0.999992, -0.00336257, 0.00216464, 0.00216206, -0.000772655, -0.999998, 0.00336424, 0.999994, -0.000765324, -0.000911057, 0.497116, -0.00894141)
bone_name = "Tail.009"
joint_constraints/swing_span = 15.0
joint_constraints/twist_span = 1.0
joint_constraints/bias = 0.3
joint_constraints/softness = 0.8
joint_constraints/relaxation = 1.0
script = ExtResource("5_mwo1l")
metadata/_custom_type_script = "uid://dtmsyoqp1rv33"

[node name="CollisionShape3D" type="CollisionShape3D" parent="Armature/Skeleton3D/PhysicalBoneSimulator3D/Physical Bone Tail_009" index="0"]
transform = Transform3D(1, 0, 0, 0, 0, 1, 0, -1, 0, -1.9245e-09, -0.154323, -3.72529e-09)
shape = SubResource("CapsuleShape3D_ve5iw")

[node name="Physical Bone Tail_008" type="PhysicalBone3D" parent="Armature/Skeleton3D/PhysicalBoneSimulator3D" index="6"]
transform = Transform3D(0.999993, -0.00314722, 0.00208113, 0.00368641, 0.932502, -0.361145, -0.00080406, 0.361151, 0.932507, 0.0833626, 2.22601, -6.91302)
top_level = true
collision_layer = 0
joint_type = 2
joint_offset = Transform3D(1, 0, 0, 0, 1, 0, 0, 0, 1, 0.000689163, 0.00328931, 0.487071)
body_offset = Transform3D(0.999996, -0.00269777, 0.0014209, 0.00140495, -0.0059101, -0.999982, 0.00270612, 0.999979, -0.00590619, -0.00137237, 0.487081, -0.000414371)
bone_name = "Tail.008"
joint_constraints/swing_span = 15.0
joint_constraints/twist_span = 1.0
joint_constraints/bias = 0.3
joint_constraints/softness = 0.8
joint_constraints/relaxation = 1.0
script = ExtResource("5_mwo1l")
metadata/_custom_type_script = "uid://dtmsyoqp1rv33"

[node name="CollisionShape3D" type="CollisionShape3D" parent="Armature/Skeleton3D/PhysicalBoneSimulator3D/Physical Bone Tail_008" index="0"]
transform = Transform3D(1, 0, 0, 0, 0, 1, 0, -1, 0, 2.47383e-10, -0.256006, 7.45058e-09)
shape = SubResource("CapsuleShape3D_sjop0")

[node name="Physical Bone Tail_007" type="PhysicalBone3D" parent="Armature/Skeleton3D/PhysicalBoneSimulator3D" index="7"]
transform = Transform3D(0.999967, 0.00530837, -0.00623577, -0.00724176, 0.928734, -0.370677, 0.00382368, 0.37071, 0.928741, 0.0776228, 1.80831, -5.85511)
top_level = true
collision_layer = 0
joint_type = 2
joint_offset = Transform3D(1, 0, 0, 0, 1, 0, 0, 0, 1, 3.3816e-06, 0.0041586, 0.497746)
body_offset = Transform3D(0.999995, -0.000894418, 0.00291915, 0.0029191, -5.54025e-05, -0.999996, 0.000894575, 1, -5.26607e-05, -0.00145266, 0.497744, -0.00413239)
bone_name = "Tail.007"
joint_constraints/swing_span = 15.0
joint_constraints/twist_span = 1.0
joint_constraints/bias = 0.3
joint_constraints/softness = 0.8
joint_constraints/relaxation = 1.0
script = ExtResource("5_mwo1l")
metadata/_custom_type_script = "uid://dtmsyoqp1rv33"

[node name="CollisionShape3D" type="CollisionShape3D" parent="Armature/Skeleton3D/PhysicalBoneSimulator3D/Physical Bone Tail_007" index="0"]
transform = Transform3D(1, 0, 0, 0, 0, 1, 0, -1, 0, -4.19095e-09, -0.339405, -1.49012e-08)
shape = SubResource("CapsuleShape3D_hix3m")

[node name="Physical Bone Tail_006" type="PhysicalBone3D" parent="Armature/Skeleton3D/PhysicalBoneSimulator3D" index="8"]
transform = Transform3D(0.999946, 0.00519301, -0.00898278, -0.00791987, 0.941312, -0.337446, 0.00670324, 0.337499, 0.941302, 0.0691244, 1.47972, -4.98816)
top_level = true
collision_layer = 0
joint_type = 2
joint_offset = Transform3D(1, 0, 0, 0, 1, 0, 0, 0, 1, -5.72602e-05, -0.000337179, 0.414656)
body_offset = Transform3D(0.999995, -0.00249275, 0.0018885, 0.00189902, 0.00422579, -0.99999, 0.00248475, 0.999988, 0.00423059, -0.000726659, 0.414653, -0.00141692)
bone_name = "Tail.006"
joint_constraints/swing_span = 15.0
joint_constraints/twist_span = 1.0
joint_constraints/bias = 0.3
joint_constraints/softness = 0.8
joint_constraints/relaxation = 1.0
script = ExtResource("5_mwo1l")
metadata/_custom_type_script = "uid://dtmsyoqp1rv33"

[node name="CollisionShape3D" type="CollisionShape3D" parent="Armature/Skeleton3D/PhysicalBoneSimulator3D/Physical Bone Tail_006" index="0"]
transform = Transform3D(1, 0, 0, 0, 0, 1, 0, -1, 0, -4.19095e-09, -0.467269, -2.98023e-08)
shape = SubResource("CapsuleShape3D_tob4e")

[node name="Physical Bone Tail_005" type="PhysicalBone3D" parent="Armature/Skeleton3D/PhysicalBoneSimulator3D" index="9"]
transform = Transform3D(0.999816, 0.0157183, 0.0109679, -0.0157475, 0.347465, 0.937561, 0.0109259, -0.937561, 0.347648, 0.0588529, 1.19215, -4.20243)
top_level = true
collision_layer = 0
joint_type = 2
joint_offset = Transform3D(1, 0, 0, 0, 1, 0, 0, 0, 1, -0.000157051, -0.529545, 0.000398618)
body_offset = Transform3D(1, -2.13366e-06, 2.61087e-05, 2.11783e-06, 1, 0.000311077, -2.61127e-05, -0.000311136, 1, 0.000155911, 0.529545, -0.000563383)
bone_name = "Tail.005"
joint_constraints/swing_span = 15.0
joint_constraints/twist_span = 1.0
joint_constraints/bias = 0.3
joint_constraints/softness = 0.8
joint_constraints/relaxation = 1.0
script = ExtResource("5_mwo1l")
metadata/_custom_type_script = "uid://dtmsyoqp1rv33"

[node name="CollisionShape3D" type="CollisionShape3D" parent="Armature/Skeleton3D/PhysicalBoneSimulator3D/Physical Bone Tail_005" index="0"]
transform = Transform3D(1, 0, 0, 0, 0, 1, 0, -1, 0, 3.95812e-08, -0.0595639, -0.568482)
shape = SubResource("CapsuleShape3D_wecc2")

[node name="Physical Bone Tail_004" type="PhysicalBone3D" parent="Armature/Skeleton3D/PhysicalBoneSimulator3D" index="10"]
transform = Transform3D(0.999821, 0.0120021, -0.014644, -0.0162625, 0.940451, -0.339541, 0.00969675, 0.339718, 0.940477, 0.0369045, 0.784982, -3.09377)
top_level = true
collision_layer = 0
joint_type = 2
joint_offset = Transform3D(1, 0, 0, 0, 1, 0, 0, 0, 1, 1.85631e-05, 0.000999314, 0.41285)
body_offset = Transform3D(0.999993, -0.000856733, 0.00364443, 0.00364561, 0.00139049, -0.999993, 0.000851658, 0.999999, 0.00139365, -0.00152231, 0.412846, -0.0015747)
bone_name = "Tail.004"
joint_constraints/swing_span = 15.0
joint_constraints/twist_span = 1.0
joint_constraints/bias = 0.3
joint_constraints/softness = 0.8
joint_constraints/relaxation = 1.0
script = ExtResource("5_mwo1l")
metadata/_custom_type_script = "uid://dtmsyoqp1rv33"

[node name="CollisionShape3D" type="CollisionShape3D" parent="Armature/Skeleton3D/PhysicalBoneSimulator3D/Physical Bone Tail_004" index="0"]
transform = Transform3D(1, 0, 0, 0, 0, 1, 0, -1, 0, 4.65661e-10, -0.712774, 3.72529e-09)
shape = SubResource("CapsuleShape3D_oclpe")

[node name="Physical Bone Tail_003" type="PhysicalBone3D" parent="Armature/Skeleton3D/PhysicalBoneSimulator3D" index="11"]
transform = Transform3D(0.999665, 0.0157714, -0.0205443, -0.0213425, 0.951006, -0.308436, 0.0146733, 0.308771, 0.951023, 0.0959616, 0.515903, -2.20951)
top_level = true
collision_layer = 0
joint_type = 2
joint_offset = Transform3D(1, 0, 0, 0, 1, 0, 0, 0, 1, -0.0768713, -0.030365, 0.368201)
body_offset = Transform3D(0.999998, -0.000627041, 0.00202345, 0.00202328, -0.000255078, -0.999998, 0.000627549, 1, -0.000253767, 0.0761071, 0.368348, 0.0305067)
bone_name = "Tail.003"
joint_constraints/swing_span = 15.0
joint_constraints/twist_span = 1.0
joint_constraints/bias = 0.3
joint_constraints/softness = 0.8
joint_constraints/relaxation = 1.0
script = ExtResource("5_mwo1l")
metadata/_custom_type_script = "uid://dtmsyoqp1rv33"

[node name="CollisionShape3D" type="CollisionShape3D" parent="Armature/Skeleton3D/PhysicalBoneSimulator3D/Physical Bone Tail_003" index="0"]
transform = Transform3D(1, 0, 0, 0, 0, 1, 0, -1, 0, -1.86265e-09, -0.76803, -6.70552e-08)
shape = SubResource("CapsuleShape3D_21qy4")

[node name="Physical Bone Tail_002" type="PhysicalBone3D" parent="Armature/Skeleton3D/PhysicalBoneSimulator3D" index="12"]
transform = Transform3D(0.999916, 0.00748797, -0.0105488, -0.0106827, 0.937848, -0.346881, 0.00729578, 0.346965, 0.93785, 0.00619703, 0.208087, -1.41459)
top_level = true
collision_layer = 0
joint_type = 2
joint_offset = Transform3D(1, 0, 0, 0, 1, 0, 0, 0, 1, -0.000544924, -0.00152807, 0.534722)
body_offset = Transform3D(1, -7.40238e-05, 0.000308534, 0.000308544, 0.000232726, -1, 7.39498e-05, 1, 0.000232846, 0.000379832, 0.534723, 0.0014036)
bone_name = "Tail.002"
joint_constraints/swing_span = 15.0
joint_constraints/twist_span = 1.0
joint_constraints/bias = 0.3
joint_constraints/softness = 0.8
joint_constraints/relaxation = 1.0
script = ExtResource("5_mwo1l")
metadata/_custom_type_script = "uid://dtmsyoqp1rv33"

[node name="CollisionShape3D" type="CollisionShape3D" parent="Armature/Skeleton3D/PhysicalBoneSimulator3D/Physical Bone Tail_002" index="0"]
transform = Transform3D(1, 0, 0, 0, 0, 1, 0, -1, 0, -6.98492e-10, -0.620083, -2.98023e-08)
shape = SubResource("CapsuleShape3D_euuxu")

[node name="Physical Bone Tail_001" type="PhysicalBone3D" parent="Armature/Skeleton3D/PhysicalBoneSimulator3D" index="13"]
transform = Transform3D(1, 1.99999e-08, -9.77248e-08, 9.72351e-08, 0.0231715, 0.999732, 2.2259e-08, -0.999732, 0.0231715, 2.92152e-08, 0.0115903, -0.500334)
top_level = true
collision_layer = 0
joint_type = 2
joint_offset = Transform3D(1, 0, 0, 0, 1, 0, 0, 0, 1, -1.92053e-08, -0.500468, 6.15662e-06)
body_offset = Transform3D(1, 1.99999e-08, -9.77248e-08, -2e-08, 1, -9.72301e-07, 9.77248e-08, 9.68575e-07, 1, 2.92152e-08, 0.500468, -5.67188e-06)
bone_name = "Tail.001"
joint_constraints/swing_span = 0.0
joint_constraints/twist_span = 0.0
joint_constraints/bias = 0.3
joint_constraints/softness = 0.8
joint_constraints/relaxation = 1.0
script = ExtResource("5_mwo1l")
metadata/_custom_type_script = "uid://dtmsyoqp1rv33"

[node name="CollisionShape3D" type="CollisionShape3D" parent="Armature/Skeleton3D/PhysicalBoneSimulator3D/Physical Bone Tail_001" index="0"]
transform = Transform3D(1, 0, 0, 0, 0, 1, 0, -1, 0, -2.2721e-12, 0.814665, -0.546276)
shape = SubResource("CapsuleShape3D_rkrsc")

[node name="CharacterBody3D" type="CharacterBody3D" parent="." index="1"]
transform = Transform3D(1, 0, 0, 0, 1, 0, 0, 0, 1, 0, -2.38419e-07, 1.19209e-07)

[node name="CollisionShape3D" type="CollisionShape3D" parent="CharacterBody3D" index="0"]
transform = Transform3D(1, 0, 0, 0, 1, 0, 0, 0, 1, 0, 0.603505, 1.71313)
shape = SubResource("BoxShape3D_4c5uq")

[node name="MeshInstance3D" type="MeshInstance3D" parent="CharacterBody3D" index="1"]
transform = Transform3D(1, 0, 0, 0, 1, 0, 0, 0, 1, 0, 3.22607, 0)
mesh = SubResource("CapsuleMesh_4c5uq")

[node name="PinJoint3D" type="PinJoint3D" parent="." index="2"]
transform = Transform3D(1, 0, 0, 0, 1, 2.98023e-08, 0, -2.98023e-08, 1, 0, -7.15256e-07, 3.57628e-07)
node_a = NodePath("../CharacterBody3D")
node_b = NodePath("../Armature/Skeleton3D/PhysicalBoneSimulator3D/Physical Bone Root")

[node name="MeshInstance3D" type="MeshInstance3D" parent="." index="3"]
transform = Transform3D(1, 0, 0, 0, 1, 0, 0, 0, 1, 0, 1.47491, -2.08235)
