[gd_scene load_steps=11 format=3 uid="uid://m8665lqknwro"]

[ext_resource type="PackedScene" uid="uid://q41yd0cm8fdm" path="res://assets/decimated_dragon1.glb" id="1_qbovm"]
[ext_resource type="Script" uid="uid://dli3utnpqjlhe" path="res://systems/IK/IKBoneController3D.gd" id="2_548jf"]
[ext_resource type="Texture2D" uid="uid://b7wi1s3uvl5ea" path="res://addons/godot-prototype-texture/PNG/grid_512x512/grid_black_512x512.png" id="3_v1oi1"]

[sub_resource type="StandardMaterial3D" id="StandardMaterial3D_v1oi1"]
albedo_texture = ExtResource("3_v1oi1")
uv1_scale = Vector3(4, 4, 4)

[sub_resource type="SphereMesh" id="SphereMesh_4c5uq"]
material = SubResource("StandardMaterial3D_v1oi1")
radius = 0.25
height = 0.5

[sub_resource type="CapsuleShape3D" id="CapsuleShape3D_200ft"]
height = 1.5

[sub_resource type="CapsuleShape3D" id="CapsuleShape3D_v1oi1"]
height = 1.5

[sub_resource type="CapsuleShape3D" id="CapsuleShape3D_4c5uq"]
height = 1.5

[sub_resource type="BoxShape3D" id="BoxShape3D_4c5uq"]

[sub_resource type="CapsuleMesh" id="CapsuleMesh_4c5uq"]

[node name="Dragon" instance=ExtResource("1_qbovm")]

[node name="Armature" parent="." index="0"]
transform = Transform3D(1, 0, 0, 0, 1, 0, 0, 0, 1, 0, 0, 0)

[node name="Skeleton3D" parent="Armature" index="0"]
animate_physical_bones = false
bones/27/position = Vector3(0, 0.944844, -2.98023e-08)
bones/27/rotation = Quaternion(0.0604477, -0.000541876, 0.00851312, 0.998135)
bones/27/scale = Vector3(1, 1, 1)
bones/28/position = Vector3(5.00586e-09, 1.01967, 0)
bones/28/rotation = Quaternion(3.02654e-13, 8.42847e-05, 1.16415e-10, 1)
bones/28/scale = Vector3(1, 1, 1)
bones/29/position = Vector3(3.25963e-09, 0.878279, -5.96046e-08)
bones/29/rotation = Quaternion(-4.47033e-08, 4.02721e-05, 1.18216e-10, 1)
bones/30/position = Vector3(3.49246e-09, 1.06457, 0)
bones/30/rotation = Quaternion(-1.49008e-08, 0.000106227, 5.97906e-11, 1)
bones/30/scale = Vector3(1, 1, 1)
bones/31/position = Vector3(1.86265e-09, 0.951671, -1.19209e-07)
bones/31/rotation = Quaternion(-2.83122e-07, -0.000106334, 1.30867e-09, 1)
bones/31/scale = Vector3(1, 1, 1)
bones/32/position = Vector3(2.32831e-09, 0.84411, 1.19209e-07)
bones/32/rotation = Quaternion(4.17232e-07, -8.13126e-06, -1.68463e-09, 1)
bones/32/scale = Vector3(1, 1, 1)
bones/33/position = Vector3(5.58794e-09, 1.14815, 2.38419e-07)
bones/33/rotation = Quaternion(-7.45055e-08, 8.45705e-05, 1.80924e-10, 1)
bones/33/scale = Vector3(1, 1, 1)
bones/34/position = Vector3(5.58794e-09, 1.1111, -2.38419e-07)
bones/34/rotation = Quaternion(-2.23517e-07, 6.99324e-05, 1.12158e-09, 1)
bones/34/scale = Vector3(1, 1, 1)
bones/35/position = Vector3(3.72529e-09, 1.01045, 0)
bones/35/rotation = Quaternion(1.49015e-08, 7.54391e-05, -1.1241e-12, 1)
bones/35/scale = Vector3(1, 1, 1)
bones/36/position = Vector3(9.31323e-10, 1.11863, -2.38419e-07)
bones/36/rotation = Quaternion(1.78813e-07, -0.000114211, -9.109e-10, 1)
bones/36/scale = Vector3(1, 1, 1)
bones/37/position = Vector3(4.65661e-09, 1.06294, 0)
bones/37/rotation = Quaternion(3.27826e-07, 3.80048e-05, -1.40944e-09, 1)
bones/38/position = Vector3(5.58794e-09, 1.29956, 2.38419e-07)
bones/38/rotation = Quaternion(-3.8743e-07, 9.65228e-05, 1.609e-09, 1)
bones/39/position = Vector3(5.58794e-09, 0.98813, 4.76837e-07)
bones/39/rotation = Quaternion(-1.93715e-07, 8.48249e-05, 7.73131e-10, 1)
bones/39/scale = Vector3(1, 1, 1)

[node name="Mesh1" parent="Armature/Skeleton3D" index="0"]
visible = false

[node name="TailController" type="Node3D" parent="Armature/Skeleton3D" index="1"]
transform = Transform3D(1, 0, 0, 0, 1, 0, 0, 0, 1, 1.43051e-06, -15.9892, -3.98868)
script = ExtResource("2_548jf")
depth = 13
simulation_enabled = true
editor_preview = true
root_stiffness = 1.0
root_pitch = 0.109
gravity = 0.033
stiffness = 0.674
metadata/_custom_type_script = "uid://dli3utnpqjlhe"

[node name="TailTarget" type="MeshInstance3D" parent="Armature/Skeleton3D/TailController" index="0"]
transform = Transform3D(1, 0, 0, 0, 1, 0, 0, 0, 1, 0, 0.630466, -2.8965)
mesh = SubResource("SphereMesh_4c5uq")
skeleton = NodePath("../../../..")
metadata/_custom_type_script = "uid://4mlml6ysrb1b"

[node name="Tail_014" type="BoneAttachment3D" parent="Armature/Skeleton3D/TailController" index="1"]
transform = Transform3D(0.999992, 8.60715e-08, -0.00388435, 0.0016672, -0.903215, 0.429185, -0.00350836, -0.429188, -0.903208, -3.1375e-07, 3.78785, -1.39618)
bone_name = "Tail.014"
bone_idx = 39
use_external_skeleton = true
external_skeleton = NodePath("../..")

[node name="RigidBody3D" type="RigidBody3D" parent="Armature/Skeleton3D/TailController/Tail_014" index="0"]
collision_layer = 0

[node name="CollisionShape3D" type="CollisionShape3D" parent="Armature/Skeleton3D/TailController/Tail_014/RigidBody3D" index="0"]
transform = Transform3D(1, -1.73226e-07, -0.000856238, 1.57394e-07, 1, -1.46627e-05, 0.000856242, 1.47521e-05, 1, 0, 0.5, 0)
shape = SubResource("CapsuleShape3D_200ft")

[node name="Tail_013" type="BoneAttachment3D" parent="Armature/Skeleton3D/TailController" index="2"]
transform = Transform3D(0.999992, 8.608e-08, -0.00405399, 0.00174001, -0.903215, 0.429185, -0.00366159, -0.429188, -0.903208, -4.02463e-07, 4.68034, -0.972083)
bone_name = "Tail.013"
bone_idx = 38
use_external_skeleton = true
external_skeleton = NodePath("../..")

[node name="RigidBody3D" type="RigidBody3D" parent="Armature/Skeleton3D/TailController/Tail_013" index="0"]
collision_layer = 0

[node name="CollisionShape3D" type="CollisionShape3D" parent="Armature/Skeleton3D/TailController/Tail_013/RigidBody3D" index="0"]
transform = Transform3D(0.999999, -7.54371e-08, 0.00143118, 7.45058e-08, 1, 2.08616e-06, -0.00143117, -1.84774e-06, 0.999999, 0, 0.5, 0)
shape = SubResource("CapsuleShape3D_v1oi1")

[node name="Tail_012" type="BoneAttachment3D" parent="Armature/Skeleton3D/TailController" index="3"]
transform = Transform3D(0.999991, 8.60819e-08, -0.00424704, 0.00182286, -0.903215, 0.429185, -0.00383595, -0.429189, -0.903207, -5.18906e-07, 5.85413, -0.414326)
bone_name = "Tail.012"
bone_idx = 37
use_external_skeleton = true
external_skeleton = NodePath("../..")

[node name="RigidBody3D" type="RigidBody3D" parent="Armature/Skeleton3D/TailController/Tail_012" index="0"]
transform = Transform3D(1, 0, -4.65661e-10, 0, 1, -2.98023e-08, -9.31323e-10, 0, 1, 0, 0, 0)
collision_layer = 0

[node name="CollisionShape3D" type="CollisionShape3D" parent="Armature/Skeleton3D/TailController/Tail_012/RigidBody3D" index="0"]
transform = Transform3D(1, -9.31323e-10, 9.31323e-10, 9.31323e-10, 1, 2.98023e-08, 4.65661e-10, 0, 1, 0, 0.5, 0)
shape = SubResource("CapsuleShape3D_4c5uq")

[node name="Tail_011" type="BoneAttachment3D" parent="Armature/Skeleton3D/TailController" index="4"]
transform = Transform3D(0.999991, 8.60725e-08, -0.00432305, 0.00185548, -0.903215, 0.429184, -0.0039046, -0.429189, -0.903206, -6.15053e-07, 6.81419, 0.0418768)
bone_name = "Tail.011"
bone_idx = 36
use_external_skeleton = true
external_skeleton = NodePath("../..")

[node name="RigidBody3D" type="RigidBody3D" parent="Armature/Skeleton3D/TailController/Tail_011" index="0"]
transform = Transform3D(1, 0, -4.65661e-10, 0, 1, -2.98023e-08, -9.31323e-10, 0, 1, 0, 0, 0)
collision_layer = 0

[node name="CollisionShape3D" type="CollisionShape3D" parent="Armature/Skeleton3D/TailController/Tail_011/RigidBody3D" index="0"]
transform = Transform3D(1, -9.31323e-10, 9.31323e-10, 9.31323e-10, 1, 2.98023e-08, 4.65661e-10, 0, 1, 0, 0.5, 0)
shape = SubResource("CapsuleShape3D_4c5uq")

[node name="Tail_010" type="BoneAttachment3D" parent="Armature/Skeleton3D/TailController" index="5"]
transform = Transform3D(0.999992, 8.57559e-08, -0.00409463, 0.00175745, -0.903215, 0.429185, -0.00369829, -0.429188, -0.903208, -7.1289e-07, 7.82456, 0.521981)
bone_name = "Tail.010"
bone_idx = 35
use_external_skeleton = true
external_skeleton = NodePath("../..")

[node name="RigidBody3D" type="RigidBody3D" parent="Armature/Skeleton3D/TailController/Tail_010" index="0"]
transform = Transform3D(1, 0, -4.65661e-10, 0, 1, -2.98023e-08, -9.31323e-10, 0, 1, 0, 0, 0)
collision_layer = 0

[node name="CollisionShape3D" type="CollisionShape3D" parent="Armature/Skeleton3D/TailController/Tail_010/RigidBody3D" index="0"]
transform = Transform3D(1, -9.31323e-10, 9.31323e-10, 9.31323e-10, 1, 2.98023e-08, 4.65661e-10, 0, 1, 0, 0.5, 0)
shape = SubResource("CapsuleShape3D_4c5uq")

[node name="Tail_009" type="BoneAttachment3D" parent="Armature/Skeleton3D/TailController" index="6"]
transform = Transform3D(0.999991, 8.58779e-08, -0.0042455, 0.0018222, -0.903215, 0.429184, -0.00383456, -0.429188, -0.903207, -8.03391e-07, 8.73721, 0.955653)
bone_name = "Tail.009"
bone_idx = 34
use_external_skeleton = true
external_skeleton = NodePath("../..")

[node name="RigidBody3D" type="RigidBody3D" parent="Armature/Skeleton3D/TailController/Tail_009" index="0"]
transform = Transform3D(1, 0, -4.65661e-10, 0, 1, -2.98023e-08, -9.31323e-10, 0, 1, 0, 0, 0)
collision_layer = 0

[node name="CollisionShape3D" type="CollisionShape3D" parent="Armature/Skeleton3D/TailController/Tail_009/RigidBody3D" index="0"]
transform = Transform3D(1, -9.31323e-10, 9.31323e-10, 9.31323e-10, 1, 2.98023e-08, 4.65661e-10, 0, 1, 0, 0.5, 0)
shape = SubResource("CapsuleShape3D_4c5uq")

[node name="Tail_008" type="BoneAttachment3D" parent="Armature/Skeleton3D/TailController" index="7"]
transform = Transform3D(0.99999, 8.61919e-08, -0.00438537, 0.00188223, -0.903215, 0.429184, -0.00396089, -0.429189, -0.903206, -9.05792e-07, 9.74077, 1.43252)
bone_name = "Tail.008"
bone_idx = 33
use_external_skeleton = true
external_skeleton = NodePath("../..")

[node name="RigidBody3D" type="RigidBody3D" parent="Armature/Skeleton3D/TailController/Tail_008" index="0"]
transform = Transform3D(1, 0, -4.65661e-10, 0, 1, -2.98023e-08, -9.31323e-10, 0, 1, 0, 0, 0)
collision_layer = 0

[node name="CollisionShape3D" type="CollisionShape3D" parent="Armature/Skeleton3D/TailController/Tail_008/RigidBody3D" index="0"]
transform = Transform3D(1, -9.31323e-10, 9.31323e-10, 9.31323e-10, 1, 2.98023e-08, 4.65661e-10, 0, 1, 0, 0.5, 0)
shape = SubResource("CapsuleShape3D_4c5uq")

[node name="Tail_007" type="BoneAttachment3D" parent="Armature/Skeleton3D/TailController" index="8"]
transform = Transform3D(0.99999, 8.58877e-08, -0.00455451, 0.00195482, -0.903215, 0.429184, -0.00411366, -0.429189, -0.903206, -1.00891e-06, 10.7778, 1.9253)
bone_name = "Tail.007"
bone_idx = 32
use_external_skeleton = true
external_skeleton = NodePath("../..")

[node name="RigidBody3D" type="RigidBody3D" parent="Armature/Skeleton3D/TailController/Tail_007" index="0"]
transform = Transform3D(1, 0, -4.65661e-10, 0, 1, -2.98023e-08, -9.31323e-10, 0, 1, 0, 0, 0)
collision_layer = 0

[node name="CollisionShape3D" type="CollisionShape3D" parent="Armature/Skeleton3D/TailController/Tail_007/RigidBody3D" index="0"]
transform = Transform3D(1, -9.31323e-10, 9.31323e-10, 9.31323e-10, 1, 2.98023e-08, 4.65661e-10, 0, 1, 0, 0.5, 0)
shape = SubResource("CapsuleShape3D_4c5uq")

[node name="Tail_006" type="BoneAttachment3D" parent="Armature/Skeleton3D/TailController" index="9"]
transform = Transform3D(0.99999, 8.63123e-08, -0.00453824, 0.00194784, -0.903215, 0.429184, -0.00409897, -0.429188, -0.903206, -1.08355e-06, 11.5402, 2.28758)
bone_name = "Tail.006"
bone_idx = 31
use_external_skeleton = true
external_skeleton = NodePath("../..")

[node name="RigidBody3D" type="RigidBody3D" parent="Armature/Skeleton3D/TailController/Tail_006" index="0"]
transform = Transform3D(1, 0, -4.65661e-10, 0, 1, -2.98023e-08, -9.31323e-10, 0, 1, 0, 0, 0)
collision_layer = 0

[node name="CollisionShape3D" type="CollisionShape3D" parent="Armature/Skeleton3D/TailController/Tail_006/RigidBody3D" index="0"]
transform = Transform3D(1, -9.31323e-10, 9.31323e-10, 9.31323e-10, 1, 2.98023e-08, 4.65661e-10, 0, 1, 0, 0.5, 0)
shape = SubResource("CapsuleShape3D_4c5uq")

[node name="Tail_005" type="BoneAttachment3D" parent="Armature/Skeleton3D/TailController" index="10"]
transform = Transform3D(0.999991, 8.642e-08, -0.00432558, 0.00185657, -0.903215, 0.429184, -0.00390689, -0.429189, -0.903207, -1.16817e-06, 12.3998, 2.69602)
bone_name = "Tail.005"
bone_idx = 30
use_external_skeleton = true
external_skeleton = NodePath("../..")

[node name="RigidBody3D" type="RigidBody3D" parent="Armature/Skeleton3D/TailController/Tail_005" index="0"]
transform = Transform3D(1, 0, -4.65661e-10, 0, 1, -2.98023e-08, -9.31323e-10, 0, 1, 0, 0, 0)
collision_layer = 0

[node name="CollisionShape3D" type="CollisionShape3D" parent="Armature/Skeleton3D/TailController/Tail_005/RigidBody3D" index="0"]
transform = Transform3D(1, -9.31323e-10, 9.31323e-10, 9.31323e-10, 1, 2.98023e-08, 4.65661e-10, 0, 1, 0, 0.5, 0)
shape = SubResource("CapsuleShape3D_4c5uq")

[node name="Tail_004" type="BoneAttachment3D" parent="Armature/Skeleton3D/TailController" index="11"]
transform = Transform3D(0.99999, 8.64075e-08, -0.00453803, 0.00194775, -0.903215, 0.429184, -0.00409878, -0.429189, -0.903206, -1.26365e-06, 13.3613, 3.15292)
bone_name = "Tail.004"
bone_idx = 29
use_external_skeleton = true
external_skeleton = NodePath("../..")

[node name="RigidBody3D" type="RigidBody3D" parent="Armature/Skeleton3D/TailController/Tail_004" index="0"]
transform = Transform3D(1, 0, -4.65661e-10, 0, 1, -2.98023e-08, -9.31323e-10, 0, 1, 0, 0, 0)
collision_layer = 0

[node name="CollisionShape3D" type="CollisionShape3D" parent="Armature/Skeleton3D/TailController/Tail_004/RigidBody3D" index="0"]
transform = Transform3D(1, -9.31323e-10, 9.31323e-10, 9.31323e-10, 1, 2.98023e-08, 4.65661e-10, 0, 1, 0, 0.5, 0)
shape = SubResource("CapsuleShape3D_4c5uq")

[node name="Tail_003" type="BoneAttachment3D" parent="Armature/Skeleton3D/TailController" index="12"]
transform = Transform3D(0.999989, 8.62347e-08, -0.00461857, 0.00198232, -0.903215, 0.429184, -0.00417152, -0.429189, -0.903205, -1.34292e-06, 14.1546, 3.52987)
bone_name = "Tail.003"
bone_idx = 28
use_external_skeleton = true
external_skeleton = NodePath("../..")

[node name="RigidBody3D" type="RigidBody3D" parent="Armature/Skeleton3D/TailController/Tail_003" index="0"]
transform = Transform3D(1, 0, -4.65661e-10, 0, 1, -2.98023e-08, -9.31323e-10, 0, 1, 0, 0, 0)
collision_layer = 0

[node name="CollisionShape3D" type="CollisionShape3D" parent="Armature/Skeleton3D/TailController/Tail_003/RigidBody3D" index="0"]
transform = Transform3D(1, -9.31323e-10, 9.31323e-10, 9.31323e-10, 1, 2.98023e-08, 4.65661e-10, 0, 1, 0, 0.5, 0)
shape = SubResource("CapsuleShape3D_4c5uq")

[node name="Tail_002" type="BoneAttachment3D" parent="Armature/Skeleton3D/TailController" index="13"]
transform = Transform3D(0.999988, 8.64675e-08, -0.00478714, 0.00205467, -0.903215, 0.429184, -0.00432378, -0.429189, -0.903205, -1.4361e-06, 15.0756, 3.9675)
bone_name = "Tail.002"
bone_idx = 27
use_external_skeleton = true
external_skeleton = NodePath("../..")

[node name="RigidBody3D" type="RigidBody3D" parent="Armature/Skeleton3D/TailController/Tail_002" index="0"]
transform = Transform3D(1, 0, -4.65661e-10, 0, 1, -2.98023e-08, -9.31323e-10, 0, 1, 0, 0, 0)
collision_layer = 0

[node name="CollisionShape3D" type="CollisionShape3D" parent="Armature/Skeleton3D/TailController/Tail_002/RigidBody3D" index="0"]
transform = Transform3D(1, -9.31323e-10, 9.31323e-10, 9.31323e-10, 1, 2.98023e-08, 4.65661e-10, 0, 1, 0, 0.5, 0)
shape = SubResource("CapsuleShape3D_4c5uq")

[node name="Tail_001" type="BoneAttachment3D" parent="Armature/Skeleton3D/TailController" index="14"]
transform = Transform3D(0.999843, 0.0175066, -0.00264124, 0.0174407, -0.948242, 0.317069, 0.00304626, -0.317065, -0.948399, -0.0165424, 15.9715, 4.26708)
bone_name = "Tail.001"
bone_idx = 26
use_external_skeleton = true
external_skeleton = NodePath("../..")

[node name="RigidBody3D" type="RigidBody3D" parent="Armature/Skeleton3D/TailController/Tail_001" index="0"]
transform = Transform3D(1, 0, -4.65661e-10, 0, 1, -2.98023e-08, -9.31323e-10, 0, 1, 0, 0, 0)
collision_layer = 0

[node name="CollisionShape3D" type="CollisionShape3D" parent="Armature/Skeleton3D/TailController/Tail_001/RigidBody3D" index="0"]
transform = Transform3D(1, -9.31323e-10, 9.31323e-10, 9.31323e-10, 1, 2.98023e-08, 4.65661e-10, 0, 1, 0, 0.5, 0)
shape = SubResource("CapsuleShape3D_4c5uq")

[node name="CharacterBody3D" type="CharacterBody3D" parent="." index="1"]
transform = Transform3D(1, 0, 0, 0, 1, 0, 0, 0, 1, 0, -2.38419e-07, 1.19209e-07)

[node name="CollisionShape3D" type="CollisionShape3D" parent="CharacterBody3D" index="0"]
transform = Transform3D(1, 0, 0, 0, 1, 0, 0, 0, 1, 0, 3.4655, 0.0220129)
shape = SubResource("BoxShape3D_4c5uq")

[node name="MeshInstance3D" type="MeshInstance3D" parent="CharacterBody3D" index="1"]
transform = Transform3D(1, 0, 0, 0, 1, 0, 0, 0, 1, 0, 3.22607, 0)
mesh = SubResource("CapsuleMesh_4c5uq")

[node name="PinJoint3D" type="PinJoint3D" parent="." index="2"]
transform = Transform3D(1, 0, 0, 0, 1, 2.98023e-08, 0, -2.98023e-08, 1, 0, -7.15256e-07, 3.57628e-07)
node_a = NodePath("../CharacterBody3D")

[node name="MeshInstance3D" type="MeshInstance3D" parent="." index="3"]
transform = Transform3D(1, 0, 0, 0, 1, 0, 0, 0, 1, 0, 1.47491, -2.08235)
