[gd_scene load_steps=13 format=3 uid="uid://m8665lqknwro"]

[ext_resource type="PackedScene" uid="uid://q41yd0cm8fdm" path="res://assets/decimated_dragon1.glb" id="1_qbovm"]
[ext_resource type="Script" uid="uid://dli3utnpqjlhe" path="res://systems/IK/IKBoneController3D.gd" id="2_548jf"]
[ext_resource type="Texture2D" uid="uid://b7wi1s3uvl5ea" path="res://addons/godot-prototype-texture/PNG/grid_512x512/grid_black_512x512.png" id="3_v1oi1"]
[ext_resource type="Script" uid="uid://4mlml6ysrb1b" path="res://systems/IK/IKBoneTarget3D.gd" id="4_4c5uq"]

[sub_resource type="StandardMaterial3D" id="StandardMaterial3D_v1oi1"]
albedo_texture = ExtResource("3_v1oi1")
uv1_scale = Vector3(4, 4, 4)

[sub_resource type="SphereMesh" id="SphereMesh_4c5uq"]
material = SubResource("StandardMaterial3D_v1oi1")
radius = 0.25
height = 0.5

[sub_resource type="StandardMaterial3D" id="StandardMaterial3D_mwo1l"]
albedo_texture = ExtResource("3_v1oi1")
uv1_scale = Vector3(4, 4, 4)

[sub_resource type="SphereMesh" id="SphereMesh_4jj8v"]
material = SubResource("StandardMaterial3D_mwo1l")
radius = 0.25
height = 0.5

[sub_resource type="StandardMaterial3D" id="StandardMaterial3D_rkrsc"]
albedo_texture = ExtResource("3_v1oi1")
uv1_scale = Vector3(4, 4, 4)

[sub_resource type="SphereMesh" id="SphereMesh_euuxu"]
material = SubResource("StandardMaterial3D_rkrsc")
radius = 0.25
height = 0.5

[sub_resource type="StandardMaterial3D" id="StandardMaterial3D_21qy4"]
albedo_texture = ExtResource("3_v1oi1")
uv1_scale = Vector3(4, 4, 4)

[sub_resource type="SphereMesh" id="SphereMesh_oclpe"]
material = SubResource("StandardMaterial3D_21qy4")
radius = 0.25
height = 0.5

[node name="Dragon" instance=ExtResource("1_qbovm")]

[node name="Armature" parent="." index="0"]
transform = Transform3D(1, 0, 0, 0, 0.361625, -0.932324, 0, 0.932324, 0.361625, 0, 1.66284, -1.62036)

[node name="Skeleton3D" parent="Armature" index="0"]
animate_physical_bones = false
bones/3/position = Vector3(-1.13687e-13, 1.89649, 2.68221e-07)
bones/3/rotation = Quaternion(-0.570891, -0.00503993, -0.00725893, 0.820978)
bones/3/scale = Vector3(1, 1, 1)
bones/4/position = Vector3(-5.02914e-08, 2.76445, -2.38419e-07)
bones/4/rotation = Quaternion(0.425947, 0.00875705, -0.0187409, 0.904512)
bones/4/scale = Vector3(1, 1, 1)
bones/5/position = Vector3(1.49012e-08, 1.57667, -1.19209e-07)
bones/5/rotation = Quaternion(0.207043, 0.00148008, -0.00678835, 0.978307)
bones/5/scale = Vector3(1, 1, 1)
bones/6/position = Vector3(-1.13687e-13, 1.89649, 2.68221e-07)
bones/6/rotation = Quaternion(0.187723, -0.512508, -0.526743, 0.651642)
bones/6/scale = Vector3(1, 1, 1)
bones/7/position = Vector3(2.38419e-07, 2.10548, -5.96046e-08)
bones/7/rotation = Quaternion(0.0487375, -0.0205776, 0.388217, 0.920048)
bones/7/scale = Vector3(1, 1, 1)
bones/8/position = Vector3(2.38419e-07, 1.58955, 0)
bones/8/rotation = Quaternion(0.027973, -0.00506257, 0.182127, 0.982864)
bones/8/scale = Vector3(1, 1, 1)
bones/9/position = Vector3(-1.13687e-13, 1.89649, 2.68221e-07)
bones/9/rotation = Quaternion(-0.311808, -0.23195, -0.549922, 0.739298)
bones/9/scale = Vector3(1, 1, 1)
bones/10/position = Vector3(-4.76837e-07, 3.67773, -2.38419e-07)
bones/10/rotation = Quaternion(-0.0225981, 0.000161815, 0.00643954, 0.999724)
bones/10/scale = Vector3(1, 1, 1)
bones/11/position = Vector3(-7.15256e-07, 2.8793, 0)
bones/11/rotation = Quaternion(-0.0195827, 9.6871e-05, 0.00557419, 0.999793)
bones/26/position = Vector3(-7.54254e-15, 1.20299, -6.11123e-08)
bones/26/rotation = Quaternion(0.528395, -1.21019e-05, -7.54253e-06, 0.848999)
bones/26/scale = Vector3(1, 1, 1)
bones/27/position = Vector3(1.505e-13, 0.913878, -1.94808e-08)
bones/27/rotation = Quaternion(0.0361677, -0.00138134, 0.0392988, 0.998572)
bones/27/scale = Vector3(1, 1, 1)
bones/28/position = Vector3(-7.45058e-09, 1.0199, 0)
bones/28/rotation = Quaternion(-0.0484741, 0.000867335, 0.0166494, 0.998685)
bones/28/scale = Vector3(1, 1, 1)
bones/29/position = Vector3(-2.98023e-08, 0.877933, 0)
bones/29/rotation = Quaternion(-0.0788933, 0.000762778, 0.00963603, 0.996836)
bones/29/scale = Vector3(1, 1, 1)
bones/30/position = Vector3(-2.98023e-08, 1.06466, 0)
bones/30/rotation = Quaternion(-0.0889599, 0.000751205, 0.00732627, 0.996008)
bones/30/scale = Vector3(1, 1, 1)
bones/31/position = Vector3(4.47035e-08, 0.951703, -2.38419e-07)
bones/31/rotation = Quaternion(-0.0816008, 0.000408935, 0.00573552, 0.996649)
bones/31/scale = Vector3(1, 1, 1)
bones/32/position = Vector3(-1.19209e-07, 0.843884, 2.38419e-07)
bones/32/rotation = Quaternion(-0.0819766, 0.000463903, 0.00533663, 0.99662)
bones/32/scale = Vector3(1, 1, 1)
bones/33/position = Vector3(8.9407e-08, 1.1483, 0)
bones/33/rotation = Quaternion(-0.0830459, 0.000510261, 0.00519928, 0.996532)
bones/33/scale = Vector3(1, 1, 1)
bones/34/position = Vector3(0, 1.11122, 0)
bones/34/rotation = Quaternion(-0.0714042, 0.000370107, 0.0043673, 0.997438)
bones/34/scale = Vector3(1, 1, 1)
bones/35/position = Vector3(-8.9407e-08, 1.01036, 0)
bones/35/rotation = Quaternion(-0.059285, 0.000225516, 0.00357509, 0.998235)
bones/35/scale = Vector3(1, 1, 1)
bones/36/position = Vector3(5.96046e-08, 1.11865, 0)
bones/36/rotation = Quaternion(-0.0479288, 4.88547e-05, 0.00287077, 0.998847)
bones/36/scale = Vector3(1, 1, 1)
bones/37/position = Vector3(0, 1.06294, 0)
bones/37/rotation = Quaternion(-0.0388127, 0.000178764, 0.00231345, 0.999244)
bones/37/scale = Vector3(1, 1, 1)
bones/38/position = Vector3(-1.78814e-07, 1.2996, 4.76837e-07)
bones/38/rotation = Quaternion(-0.0279676, 4.855e-05, 0.00165989, 0.999608)
bones/38/scale = Vector3(1, 1, 1)
bones/39/position = Vector3(5.96046e-08, 0.988205, 0)
bones/39/rotation = Quaternion(-0.0141958, -5.06393e-05, 0.000841781, 0.999899)
bones/39/scale = Vector3(1, 1, 1)

[node name="TailController" type="BoneAttachment3D" parent="Armature/Skeleton3D" index="1" node_paths=PackedStringArray("target")]
transform = Transform3D(-0.982125, 0.0867556, 0.167042, -0.181227, -0.196056, -0.963701, -0.0508568, -0.976747, 0.208274, 1.429, -9.05089, -7.40592)
bone_name = "Tail.014"
bone_idx = 39
script = ExtResource("2_548jf")
target = NodePath("../TailTarget")
depth = 14
simulation_enabled = true
editor_preview = true
root_stiffness = 1.0
root_pitch = -0.31
bone_weight = 0.004
stiffness = 0.221
metadata/_custom_type_script = "uid://dli3utnpqjlhe"

[node name="TailTarget" type="MeshInstance3D" parent="Armature/Skeleton3D" index="2"]
transform = Transform3D(1, 0, 0, 0, 0.361625, 0.932324, 0, -0.932324, 0.361625, 1.64369, -9.52139, -9.85177)
mesh = SubResource("SphereMesh_4c5uq")
skeleton = NodePath("../../..")
script = ExtResource("4_4c5uq")
metadata/_custom_type_script = "uid://4mlml6ysrb1b"

[node name="HeadController" type="BoneAttachment3D" parent="Armature/Skeleton3D" index="3" node_paths=PackedStringArray("target")]
transform = Transform3D(0.997836, 0.0564074, -0.0337914, -0.0655, 0.89785, -0.435402, 0.00577977, 0.436673, 0.899602, 0.131811, 6.81561, -1.08261)
bone_name = "Head"
bone_idx = 5
script = ExtResource("2_548jf")
target = NodePath("../HeadTarget")
depth = 3
simulation_enabled = true
editor_preview = true
root_stiffness = 0.695
root_pitch = 0.488
stiffness = 0.385
metadata/_custom_type_script = "uid://dli3utnpqjlhe"

[node name="HeadTarget" type="MeshInstance3D" parent="Armature/Skeleton3D" index="4"]
transform = Transform3D(1, 0, 0, 0, 0.361625, 0.932324, 0, -0.932324, 0.361625, 0.397822, 10.5538, 2.12783)
mesh = SubResource("SphereMesh_4jj8v")
skeleton = NodePath("../../..")
script = ExtResource("4_4c5uq")
metadata/_custom_type_script = "uid://4mlml6ysrb1b"

[node name="LeftFrontLegController" type="BoneAttachment3D" parent="Armature/Skeleton3D" index="5" node_paths=PackedStringArray("target")]
transform = Transform3D(0.317108, 0.182547, -0.930655, -0.31534, 0.945762, 0.0780627, 0.894429, 0.268719, 0.357473, 1.57512, 4.76437, 3.63185)
bone_name = "Leg.Front.003.L"
bone_idx = 8
script = ExtResource("2_548jf")
target = NodePath("../LeftFrontLegTarget")
depth = 3
simulation_enabled = true
editor_preview = true
root_stiffness = 0.175
root_pitch = -0.569
root_yaw = -0.136
root_roll = -0.361
stiffness = 0.131
metadata/_custom_type_script = "uid://dli3utnpqjlhe"

[node name="LeftFrontLegTarget" type="MeshInstance3D" parent="Armature/Skeleton3D" index="6"]
transform = Transform3D(1, 0, 0, 0, 0.361625, 0.932324, 0, -0.932324, 0.361625, 1.68141, 5.41483, 3.78273)
mesh = SubResource("SphereMesh_euuxu")
skeleton = NodePath("../../..")
script = ExtResource("4_4c5uq")
metadata/_custom_type_script = "uid://4mlml6ysrb1b"

[node name="LeftWingBaseController" type="BoneAttachment3D" parent="Armature/Skeleton3D" index="7" node_paths=PackedStringArray("target")]
transform = Transform3D(0.310454, 0.94717, 0.0805432, -0.865016, 0.246358, 0.437098, 0.394164, -0.20537, 0.8958, 6.26634, 5.10186, 0.0150024)
bone_name = "Wing.Finger.001.L"
bone_idx = 11
script = ExtResource("2_548jf")
target = NodePath("../LeftWingBaseTarget")
depth = 3
simulation_enabled = true
editor_preview = true
root_stiffness = 0.262
root_pitch = 0.038
root_yaw = -0.404
stiffness = 0.657
rotational_stiffness = 0.775
metadata/_custom_type_script = "uid://dli3utnpqjlhe"

[node name="LeftWingBaseTarget" type="MeshInstance3D" parent="Armature/Skeleton3D" index="8"]
transform = Transform3D(1, 0, 0, 0, 0.361625, 0.932324, 0, -0.932324, 0.361625, 15.3894, 7.3668, -2.73036)
mesh = SubResource("SphereMesh_oclpe")
skeleton = NodePath("../../..")
script = ExtResource("4_4c5uq")
metadata/_custom_type_script = "uid://4mlml6ysrb1b"
