[gd_scene load_steps=30 format=3 uid="uid://m8665lqknwro"]

[ext_resource type="PackedScene" uid="uid://q41yd0cm8fdm" path="res://assets/decimated_dragon1.glb" id="1_qbovm"]
[ext_resource type="Script" uid="uid://dli3utnpqjlhe" path="res://systems/IK/IKBoneController3D.gd" id="2_548jf"]
[ext_resource type="Texture2D" uid="uid://b7wi1s3uvl5ea" path="res://addons/godot-prototype-texture/PNG/grid_512x512/grid_black_512x512.png" id="3_v1oi1"]
[ext_resource type="Script" uid="uid://bwow75ac7xwnk" path="res://characters/player/physical_bone_controller.gd" id="5_4c5uq"]

[sub_resource type="StandardMaterial3D" id="StandardMaterial3D_v1oi1"]
albedo_texture = ExtResource("3_v1oi1")
uv1_scale = Vector3(4, 4, 4)

[sub_resource type="SphereMesh" id="SphereMesh_4c5uq"]
material = SubResource("StandardMaterial3D_v1oi1")
radius = 0.25
height = 0.5

[sub_resource type="StandardMaterial3D" id="StandardMaterial3D_mwo1l"]
albedo_texture = ExtResource("3_v1oi1")
uv1_scale = Vector3(4, 4, 4)

[sub_resource type="SphereMesh" id="SphereMesh_4jj8v"]
material = SubResource("StandardMaterial3D_mwo1l")
radius = 0.25
height = 0.5

[sub_resource type="StandardMaterial3D" id="StandardMaterial3D_rkrsc"]
albedo_texture = ExtResource("3_v1oi1")
uv1_scale = Vector3(4, 4, 4)

[sub_resource type="SphereMesh" id="SphereMesh_euuxu"]
material = SubResource("StandardMaterial3D_rkrsc")
radius = 0.25
height = 0.5

[sub_resource type="StandardMaterial3D" id="StandardMaterial3D_21qy4"]
albedo_texture = ExtResource("3_v1oi1")
uv1_scale = Vector3(4, 4, 4)

[sub_resource type="SphereMesh" id="SphereMesh_oclpe"]
material = SubResource("StandardMaterial3D_21qy4")
radius = 0.25
height = 0.5

[sub_resource type="CapsuleShape3D" id="CapsuleShape3D_mwo1l"]
radius = 0.120299
height = 1.20299

[sub_resource type="CapsuleShape3D" id="CapsuleShape3D_4jj8v"]
radius = 0.165972
height = 1.65972

[sub_resource type="CapsuleShape3D" id="CapsuleShape3D_rkrsc"]
radius = 1.116
height = 2.232

[sub_resource type="CapsuleShape3D" id="CapsuleShape3D_euuxu"]
radius = 1.012
height = 2.364

[sub_resource type="CapsuleShape3D" id="CapsuleShape3D_21qy4"]
radius = 1.033
height = 2.066

[sub_resource type="CapsuleShape3D" id="CapsuleShape3D_oclpe"]
radius = 0.9335
height = 2.147

[sub_resource type="CapsuleShape3D" id="CapsuleShape3D_wecc2"]
radius = 0.775
height = 1.765

[sub_resource type="CapsuleShape3D" id="CapsuleShape3D_tob4e"]
radius = 0.759
height = 1.783

[sub_resource type="CapsuleShape3D" id="CapsuleShape3D_hix3m"]
radius = 0.62
height = 1.503

[sub_resource type="CapsuleShape3D" id="CapsuleShape3D_sjop0"]
radius = 0.511
height = 1.366

[sub_resource type="CapsuleShape3D" id="CapsuleShape3D_ve5iw"]
radius = 0.461
height = 1.022

[sub_resource type="CapsuleShape3D" id="CapsuleShape3D_8stgb"]
radius = 0.422
height = 1.11863

[sub_resource type="CapsuleShape3D" id="CapsuleShape3D_pjteb"]
radius = 0.286
height = 1.06294

[sub_resource type="CapsuleShape3D" id="CapsuleShape3D_2lw3i"]
radius = 0.27
height = 1.29957

[sub_resource type="CapsuleShape3D" id="CapsuleShape3D_gwsv7"]
radius = 0.224
height = 1.958

[sub_resource type="BoxShape3D" id="BoxShape3D_4c5uq"]

[sub_resource type="CapsuleMesh" id="CapsuleMesh_4c5uq"]

[node name="Dragon" instance=ExtResource("1_qbovm")]

[node name="Armature" parent="." index="0"]
transform = Transform3D(1, 0, 0, 0, 0.361625, -0.932324, 0, 0.932324, 0.361625, 0, 1.66284, -1.62036)

[node name="Skeleton3D" parent="Armature" index="0"]
animate_physical_bones = false
bones/26/position = Vector3(-7.54254e-15, 1.20299, -6.11123e-08)
bones/26/rotation = Quaternion(0.528395, -2.73421e-05, -1.70277e-05, 0.848999)
bones/26/scale = Vector3(1, 1, 1)
bones/27/position = Vector3(-4.0659e-12, 0.913879, -2.3206e-08)
bones/27/rotation = Quaternion(-0.138875, 0.00835405, 0.0592858, 0.988498)
bones/27/scale = Vector3(1, 1, 1)
bones/28/position = Vector3(-2.98023e-08, 1.01968, 2.98023e-08)
bones/28/rotation = Quaternion(-0.111633, 0.00240157, 0.0215596, 0.993513)
bones/28/scale = Vector3(1, 1, 1)
bones/29/position = Vector3(-1.49012e-08, 0.878285, 0)
bones/29/rotation = Quaternion(-0.102841, 0.000945543, 0.00889042, 0.994658)
bones/29/scale = Vector3(1, 1, 1)
bones/30/position = Vector3(0, 1.06457, 1.19209e-07)
bones/30/rotation = Quaternion(-0.0966558, 0.000331381, 0.00439537, 0.995308)
bones/30/scale = Vector3(1, 1, 1)
bones/31/position = Vector3(-2.98023e-08, 0.951656, 1.19209e-07)
bones/31/rotation = Quaternion(-0.0794572, 8.33883e-05, 0.00234154, 0.996836)
bones/31/scale = Vector3(1, 1, 1)
bones/32/position = Vector3(5.96046e-08, 0.844121, 0)
bones/32/rotation = Quaternion(-0.0711815, 0.000171045, 0.00152614, 0.997462)
bones/32/scale = Vector3(1, 1, 1)
bones/33/position = Vector3(0, 1.14817, -9.53674e-07)
bones/33/rotation = Quaternion(-0.0658323, 3.1656e-05, 0.00117542, 0.99783)
bones/33/scale = Vector3(1, 1, 1)
bones/34/position = Vector3(-5.96046e-08, 1.11111, 4.76837e-07)
bones/34/rotation = Quaternion(-0.0523756, 8.21696e-05, 0.00085121, 0.998627)
bones/34/scale = Vector3(1, 1, 1)
bones/35/position = Vector3(0, 1.01049, 0)
bones/35/rotation = Quaternion(-0.0403677, 8.43403e-05, 0.000616863, 0.999185)
bones/35/scale = Vector3(1, 1, 1)
bones/36/position = Vector3(-2.98023e-08, 1.11854, 0)
bones/36/rotation = Quaternion(-0.0307123, 6.43018e-05, 0.000451406, 0.999528)
bones/36/scale = Vector3(1, 1, 1)
bones/37/position = Vector3(-1.19209e-07, 1.06293, -4.76837e-07)
bones/37/rotation = Quaternion(-0.0236434, 8.0786e-05, 0.000338137, 0.99972)
bones/37/scale = Vector3(1, 1, 1)
bones/38/position = Vector3(0, 1.29956, 0)
bones/38/rotation = Quaternion(-0.0164933, 6.71294e-05, 0.000231187, 0.999864)
bones/38/scale = Vector3(1, 1, 1)
bones/39/position = Vector3(-5.96046e-08, 0.988147, 4.76837e-07)
bones/39/rotation = Quaternion(-0.00826478, -5.24357e-05, 0.000114399, 0.999966)
bones/39/scale = Vector3(1, 1, 1)

[node name="TailController" type="BoneAttachment3D" parent="Armature/Skeleton3D" index="1" node_paths=PackedStringArray("target")]
transform = Transform3D(-0.980793, 0.0663434, 0.18342, -0.176012, 0.104174, -0.97886, -0.0840486, -0.992344, -0.0904962, 1.4736, -5.13944, -10.3813)
bone_name = "Tail.014"
bone_idx = 39
script = ExtResource("2_548jf")
target = NodePath("../TailTarget")
depth = 14
simulation_enabled = true
editor_preview = true
root_stiffness = 1.0
root_pitch = -0.31
bone_weight = 0.004
stiffness = 0.221
metadata/_custom_type_script = "uid://dli3utnpqjlhe"

[node name="TailTarget" type="MeshInstance3D" parent="Armature/Skeleton3D" index="2"]
transform = Transform3D(1, 0, 0, 0, 0.361625, 0.932324, 0, -0.932324, 0.361625, 1.64369, -4.85718, -12.9551)
mesh = SubResource("SphereMesh_4c5uq")
skeleton = NodePath("../../..")
metadata/_custom_type_script = "uid://4mlml6ysrb1b"

[node name="HeadController" type="BoneAttachment3D" parent="Armature/Skeleton3D" index="3" node_paths=PackedStringArray("target")]
transform = Transform3D(0.999919, -0.0127371, -0.000353725, 0.00688872, 0.563734, -0.825928, 0.0107193, 0.825858, 0.563776, 3.65386e-14, 6.52721, -1.0052)
bone_name = "Head"
bone_idx = 5
script = ExtResource("2_548jf")
target = NodePath("../HeadTarget")
depth = 3
root_stiffness = 0.695
root_pitch = 0.488
stiffness = 0.385
metadata/_custom_type_script = "uid://dli3utnpqjlhe"

[node name="HeadTarget" type="MeshInstance3D" parent="Armature/Skeleton3D" index="4"]
transform = Transform3D(1, 0, 0, 0, 0.361625, 0.932324, 0, -0.932324, 0.361625, 0.397822, 10.5538, 2.12783)
mesh = SubResource("SphereMesh_4jj8v")
skeleton = NodePath("../../..")
metadata/_custom_type_script = "uid://4mlml6ysrb1b"

[node name="LeftFrontLegController" type="BoneAttachment3D" parent="Armature/Skeleton3D" index="5" node_paths=PackedStringArray("target")]
transform = Transform3D(0.779229, 0.0533596, -0.624464, -0.308917, 0.899629, -0.308606, 0.545319, 0.433382, 0.717501, 0.90382, 3.17569, 3.26251)
bone_name = "Leg.Front.003.L"
bone_idx = 8
script = ExtResource("2_548jf")
target = NodePath("../LeftFrontLegTarget")
depth = 3
root_stiffness = 0.175
root_pitch = -0.569
root_yaw = -0.136
root_roll = -0.361
stiffness = 0.131
metadata/_custom_type_script = "uid://dli3utnpqjlhe"

[node name="LeftFrontLegTarget" type="MeshInstance3D" parent="Armature/Skeleton3D" index="6"]
transform = Transform3D(1, 0, 0, 0, 0.361625, 0.932324, 0, -0.932324, 0.361625, 1.68141, 5.41483, 3.78273)
mesh = SubResource("SphereMesh_euuxu")
skeleton = NodePath("../../..")
metadata/_custom_type_script = "uid://4mlml6ysrb1b"

[node name="LeftWingBaseController" type="BoneAttachment3D" parent="Armature/Skeleton3D" index="7" node_paths=PackedStringArray("target")]
transform = Transform3D(0.405829, 0.388302, 0.82736, -0.878829, -0.0827398, 0.469907, 0.250921, -0.91781, 0.307672, 2.80522, 5.41754, -3.40582)
bone_name = "Wing.Finger.001.L"
bone_idx = 11
script = ExtResource("2_548jf")
target = NodePath("../LeftWingBaseTarget")
depth = 3
root_stiffness = 0.262
root_pitch = 0.038
root_yaw = -0.404
stiffness = 0.657
rotational_stiffness = 0.775
metadata/_custom_type_script = "uid://dli3utnpqjlhe"

[node name="LeftWingBaseTarget" type="MeshInstance3D" parent="Armature/Skeleton3D" index="8"]
transform = Transform3D(1, 0, 0, 0, 0.361625, 0.932324, 0, -0.932324, 0.361625, 15.3894, 7.3668, -2.73036)
mesh = SubResource("SphereMesh_oclpe")
skeleton = NodePath("../../..")
metadata/_custom_type_script = "uid://4mlml6ysrb1b"

[node name="PhysicalBoneSimulator3D" type="PhysicalBoneSimulator3D" parent="Armature/Skeleton3D" index="9"]
transform = Transform3D(1, 0, 0, 0, 1, 0, 0, 0, 1, -0.0123606, -0.0363968, 0.0384054)
script = ExtResource("5_4c5uq")

[node name="Physical Bone Root" type="PhysicalBone3D" parent="Armature/Skeleton3D/PhysicalBoneSimulator3D" index="0"]
transform = Transform3D(-1, 1.50996e-07, -6.0868e-14, -1.12489e-07, -0.744984, -0.667083, -1.00727e-07, -0.667083, 0.744984, -2.61697e-15, 1.26159, -1.17226)
top_level = true
axis_lock_angular_x = true
axis_lock_angular_y = true
axis_lock_angular_z = true
joint_offset = Transform3D(1, 0, 0, 0, 1, 0, 0, 0, 1, -4.40218e-14, 6.93947e-09, 0.601493)
body_offset = Transform3D(1, -1.77636e-13, -2.13163e-14, -4.26326e-14, -8.34465e-07, -1, 1.13687e-13, 1, -6.55651e-07, 5.68434e-14, 0.601493, 3.8743e-07)
bone_name = "Root"

[node name="CollisionShape3D" type="CollisionShape3D" parent="Armature/Skeleton3D/PhysicalBoneSimulator3D/Physical Bone Root" index="0"]
transform = Transform3D(1, 0, 0, 0, 0, 1, 0, -1, 0, 0, 0, 0)
shape = SubResource("CapsuleShape3D_mwo1l")

[node name="Physical Bone Hip" type="PhysicalBone3D" parent="Armature/Skeleton3D/PhysicalBoneSimulator3D" index="1"]
transform = Transform3D(1, -1.06167e-14, -7.02567e-14, -2.5695e-14, -0.975891, -0.21826, -6.62457e-14, 0.21826, -0.975891, 6.81451e-14, 1.84396, -0.810508)
top_level = true
joint_type = 2
joint_offset = Transform3D(1, 0, 0, 0, 1, 0, 0, 0, 1, -1.24548e-14, -1.6813e-06, 0.829859)
body_offset = Transform3D(1, 3.20158e-14, 1.50084e-14, -6.09864e-20, 4.47035e-08, -1, -5.0822e-21, 1, 1.49012e-08, 0, 0.829859, 1.66893e-06)
bone_name = "Hip"
joint_constraints/swing_span = 0.0
joint_constraints/twist_span = 0.0
joint_constraints/bias = 0.3
joint_constraints/softness = 0.8
joint_constraints/relaxation = 1.0

[node name="CollisionShape3D" type="CollisionShape3D" parent="Armature/Skeleton3D/PhysicalBoneSimulator3D/Physical Bone Hip" index="0"]
transform = Transform3D(1, 0, 0, 0, 0, 1, 0, -1, 0, 0, 0, 0)
shape = SubResource("CapsuleShape3D_4jj8v")

[node name="Physical Bone Tail_001" type="PhysicalBone3D" parent="Armature/Skeleton3D/PhysicalBoneSimulator3D" index="2"]
transform = Transform3D(-1, 6.74169e-05, -3.83957e-07, -6.26726e-05, -0.927498, 0.373827, 2.48461e-05, 0.373827, 0.927498, -8.94187e-07, 1.49195, -2.04414)
top_level = true
joint_type = 2
joint_offset = Transform3D(1, 0, 0, 0, 1, 0, 0, 0, 1, -1.07493e-06, -7.86237e-05, 0.456937)
body_offset = Transform3D(1, -2.92867e-06, 2.66522e-07, 2.66513e-07, -1.78814e-07, -1, 2.92864e-06, 0.999999, -1.19209e-07, 9.52918e-07, 0.456937, 7.86781e-05)
bone_name = "Tail.001"
joint_constraints/swing_span = 15.0
joint_constraints/twist_span = 5.0
joint_constraints/bias = 0.3
joint_constraints/softness = 0.8
joint_constraints/relaxation = 1.0

[node name="CollisionShape3D" type="CollisionShape3D" parent="Armature/Skeleton3D/PhysicalBoneSimulator3D/Physical Bone Tail_001" index="0"]
transform = Transform3D(1, 0, 0, 0, 0, 1, 0, -1, 0, -2.27374e-12, 0.814665, -1.49012e-08)
shape = SubResource("CapsuleShape3D_rkrsc")

[node name="Physical Bone Tail_002" type="PhysicalBone3D" parent="Armature/Skeleton3D/PhysicalBoneSimulator3D" index="3"]
transform = Transform3D(-0.992742, 9.64925e-05, -0.120267, -0.0125455, -0.994627, 0.102758, -0.119611, 0.103521, 0.987409, 0.0605536, 1.23866, -2.99185)
top_level = true
joint_type = 2
joint_offset = Transform3D(1, 0, 0, 0, 1, 0, 0, 0, 1, -0.00358228, -0.0278755, 0.533038)
body_offset = Transform3D(1, -5.12917e-05, 0.000762083, 0.000762008, 0.000274196, -0.999999, 5.1084e-05, 1, 0.000274152, 0.00317463, 0.533049, 0.0277295)
bone_name = "Tail.002"
joint_constraints/swing_span = 15.0
joint_constraints/twist_span = 5.0
joint_constraints/bias = 0.3
joint_constraints/softness = 0.8
joint_constraints/relaxation = 1.0

[node name="CollisionShape3D" type="CollisionShape3D" parent="Armature/Skeleton3D/PhysicalBoneSimulator3D/Physical Bone Tail_002" index="0"]
transform = Transform3D(1, 0, 0, 0, 0, 1, 0, -1, 0, -4.65661e-10, 0.755473, 0)
shape = SubResource("CapsuleShape3D_euuxu")

[node name="Physical Bone Tail_003" type="PhysicalBone3D" parent="Armature/Skeleton3D/PhysicalBoneSimulator3D" index="4"]
transform = Transform3D(-0.986461, 0.0271041, -0.161741, -0.00753709, -0.992699, -0.120385, -0.163823, -0.117536, 0.979463, 0.190483, 1.2281, -3.9477)
top_level = true
joint_type = 2
joint_offset = Transform3D(1, 0, 0, 0, 1, 0, 0, 0, 1, -0.0096771, -0.0455609, 0.475645)
body_offset = Transform3D(0.999997, -0.000586191, 0.00228041, 0.00228007, -0.000314325, -0.999997, 0.000586888, 1, -0.000313044, 0.00856569, 0.475652, 0.0457155)
bone_name = "Tail.003"
joint_constraints/swing_span = 15.0
joint_constraints/twist_span = 5.0
joint_constraints/bias = 0.3
joint_constraints/softness = 0.8
joint_constraints/relaxation = 1.0

[node name="CollisionShape3D" type="CollisionShape3D" parent="Armature/Skeleton3D/PhysicalBoneSimulator3D/Physical Bone Tail_003" index="0"]
transform = Transform3D(1, 0, 0, 0, 0, 1, 0, -1, 0, -9.31323e-10, 0.693246, -7.45058e-09)
shape = SubResource("CapsuleShape3D_21qy4")

[node name="Physical Bone Tail_004" type="PhysicalBone3D" parent="Armature/Skeleton3D/PhysicalBoneSimulator3D" index="5"]
transform = Transform3D(-0.983341, 0.0596432, -0.171707, -0.00119028, -0.946728, -0.322033, -0.181767, -0.316464, 0.931027, 0.351585, 1.46352, -4.88103)
top_level = true
joint_type = 2
joint_offset = Transform3D(1, 0, 0, 0, 1, 0, 0, 0, 1, -0.0108481, -0.0441553, 0.568901)
body_offset = Transform3D(0.999993, -0.000937432, 0.00351684, 0.00351743, 0.00076583, -0.999993, 0.000934701, 0.999999, 0.000769079, 0.00880587, 0.568969, 0.0437279)
bone_name = "Tail.004"
joint_constraints/swing_span = 15.0
joint_constraints/twist_span = 5.0
joint_constraints/bias = 0.3
joint_constraints/softness = 0.8
joint_constraints/relaxation = 1.0

[node name="CollisionShape3D" type="CollisionShape3D" parent="Armature/Skeleton3D/PhysicalBoneSimulator3D/Physical Bone Tail_004" index="0"]
transform = Transform3D(1, 0, 0, 0, 0, 1, 0, -1, 0, 3.72529e-09, 0.673054, 3.72529e-09)
shape = SubResource("CapsuleShape3D_oclpe")

[node name="Physical Bone Tail_005" type="PhysicalBone3D" parent="Armature/Skeleton3D/PhysicalBoneSimulator3D" index="6"]
transform = Transform3D(-0.981941, 0.0914434, -0.16562, 0.00307869, -0.867589, -0.497273, -0.189162, -0.488803, 0.851639, 0.51738, 1.87714, -5.77397)
top_level = true
joint_type = 2
joint_offset = Transform3D(1, 0, 0, 0, 1, 0, 0, 0, 1, -0.0102009, -0.0404452, 0.498757)
body_offset = Transform3D(0.999994, -0.00144457, 0.00311156, 0.00311105, -0.000251472, -0.999995, 0.00144529, 0.999999, -0.000247002, 0.00859046, 0.498776, 0.0405831)
bone_name = "Tail.005"
joint_constraints/swing_span = 15.0
joint_constraints/twist_span = 5.0
joint_constraints/bias = 0.3
joint_constraints/softness = 0.8
joint_constraints/relaxation = 1.0

[node name="CollisionShape3D" type="CollisionShape3D" parent="Armature/Skeleton3D/PhysicalBoneSimulator3D/Physical Bone Tail_005" index="0"]
transform = Transform3D(1, 0, 0, 0, 0, 1, 0, -1, 0, -4.65661e-09, 0.584534, -1.11759e-08)
shape = SubResource("CapsuleShape3D_wecc2")

[node name="Physical Bone Tail_006" type="PhysicalBone3D" parent="Armature/Skeleton3D/PhysicalBoneSimulator3D" index="7"]
transform = Transform3D(-0.981272, 0.11771, -0.152481, 0.00514372, -0.775283, -0.631593, -0.192561, -0.620549, 0.760157, 0.659067, 2.40721, -6.46885)
top_level = true
joint_type = 2
joint_offset = Transform3D(1, 0, 0, 0, 1, 0, 0, 0, 1, -0.00291248, -0.0034983, 0.431107)
body_offset = Transform3D(0.999995, -0.00229385, 0.00214474, 0.00215344, 0.00384971, -0.99999, 0.00228553, 0.99999, 0.00385451, 0.00197983, 0.431122, 0.00184321)
bone_name = "Tail.006"
joint_constraints/swing_span = 5.0
joint_constraints/twist_span = 5.0
joint_constraints/bias = 0.3
joint_constraints/softness = 0.8
joint_constraints/relaxation = 1.0

[node name="CollisionShape3D" type="CollisionShape3D" parent="Armature/Skeleton3D/PhysicalBoneSimulator3D/Physical Bone Tail_006" index="0"]
transform = Transform3D(1, 0, 0, 0, 0, 1, 0, -1, 0, -3.72529e-09, 0.456516, 0)
shape = SubResource("CapsuleShape3D_tob4e")

[node name="Physical Bone Tail_007" type="PhysicalBone3D" parent="Armature/Skeleton3D/PhysicalBoneSimulator3D" index="8"]
transform = Transform3D(-0.980844, 0.136642, -0.138829, 0.00886934, -0.68063, -0.732573, -0.194592, -0.719772, 0.666381, 0.800348, 3.10546, -7.18441)
top_level = true
joint_type = 2
joint_offset = Transform3D(1, 0, 0, 0, 1, 0, 0, 0, 1, -0.00631657, -0.00230703, 0.598877)
body_offset = Transform3D(0.999994, -0.00167653, 0.00288032, 0.00288007, -9.06885e-05, -0.999996, 0.00167669, 0.999998, -8.60691e-05, 0.00458771, 0.598892, 0.00236917)
bone_name = "Tail.007"
joint_constraints/swing_span = 15.0
joint_constraints/twist_span = 5.0
joint_constraints/bias = 0.3
joint_constraints/softness = 0.8
joint_constraints/relaxation = 1.0

[node name="CollisionShape3D" type="CollisionShape3D" parent="Armature/Skeleton3D/PhysicalBoneSimulator3D/Physical Bone Tail_007" index="0"]
transform = Transform3D(1, 0, 0, 0, 0, 1, 0, -1, 0, -3.72529e-09, 0.373543, 0)
shape = SubResource("CapsuleShape3D_hix3m")

[node name="Physical Bone Tail_008" type="PhysicalBone3D" parent="Armature/Skeleton3D/PhysicalBoneSimulator3D" index="9"]
transform = Transform3D(-0.980582, 0.153837, -0.121626, 0.00957606, -0.581896, -0.813207, -0.195875, -0.798581, 0.569124, 0.944343, 3.97693, -7.89521)
top_level = true
joint_type = 2
joint_offset = Transform3D(1, 0, 0, 0, 1, 0, 0, 0, 1, -0.00861087, -0.0151834, 0.585597)
body_offset = Transform3D(0.999995, -0.00260168, 0.00163028, 0.00161906, -0.00426635, -0.999989, 0.00260852, 0.999987, -0.00426218, 0.00761664, 0.58554, 0.0177016)
bone_name = "Tail.008"
joint_constraints/swing_span = 15.0
joint_constraints/twist_span = 5.0
joint_constraints/bias = 0.3
joint_constraints/softness = 0.8
joint_constraints/relaxation = 1.0

[node name="CollisionShape3D" type="CollisionShape3D" parent="Armature/Skeleton3D/PhysicalBoneSimulator3D/Physical Bone Tail_008" index="0"]
transform = Transform3D(1, 0, 0, 0, 0, 1, 0, -1, 0, 0, 0.268682, 7.45058e-09)
shape = SubResource("CapsuleShape3D_sjop0")

[node name="Physical Bone Tail_009" type="PhysicalBone3D" parent="Armature/Skeleton3D/PhysicalBoneSimulator3D" index="10"]
transform = Transform3D(-0.980285, 0.166425, -0.106513, 0.0114925, -0.490121, -0.871579, -0.197257, -0.855619, 0.478545, 1.0629, 4.88318, -8.52513)
top_level = true
joint_type = 2
joint_offset = Transform3D(1, 0, 0, 0, 1, 0, 0, 0, 1, -0.0240151, -0.0772494, 0.579374)
body_offset = Transform3D(0.999993, -0.00313143, 0.00199275, 0.00199196, -0.000220478, -0.999998, 0.00313173, 0.999995, -0.000214368, 0.0226185, 0.579404, 0.0774484)
bone_name = "Tail.009"
joint_constraints/swing_span = 15.0
joint_constraints/twist_span = 5.0
joint_constraints/bias = 0.3
joint_constraints/softness = 0.8
joint_constraints/relaxation = 1.0

[node name="CollisionShape3D" type="CollisionShape3D" parent="Armature/Skeleton3D/PhysicalBoneSimulator3D/Physical Bone Tail_009" index="0"]
transform = Transform3D(1, 0, 0, 0, 0, 1, 0, -1, 0, -1.86265e-09, 0.117066, 3.72529e-09)
shape = SubResource("CapsuleShape3D_ve5iw")

[node name="Physical Bone Tail_010" type="PhysicalBone3D" parent="Armature/Skeleton3D/PhysicalBoneSimulator3D" index="11"]
transform = Transform3D(-0.980228, 0.174359, -0.0935552, 0.012391, -0.417788, -0.90846, -0.197485, -0.891657, 0.407367, 1.16734, 5.84569, -9.00218)
top_level = true
joint_type = 2
joint_offset = Transform3D(1, 0, 0, 0, 1, 0, 0, 0, 1, -0.025358, -0.0836951, 0.642509)
body_offset = Transform3D(0.999994, -0.00323883, 0.00140692, 0.0014076, 0.000250638, -0.999999, 0.00323835, 0.999994, 0.000255018, 0.0241828, 0.642565, 0.0836129)
bone_name = "Tail.010"
joint_constraints/swing_span = 5.0
joint_constraints/twist_span = 5.0
joint_constraints/bias = 0.3
joint_constraints/softness = 0.8
joint_constraints/relaxation = 1.0

[node name="CollisionShape3D" type="CollisionShape3D" parent="Armature/Skeleton3D/PhysicalBoneSimulator3D/Physical Bone Tail_010" index="0"]
transform = Transform3D(1, 0, 0, 0, 0, 1, 0, -1, 0, 0, 0, 0)
shape = SubResource("CapsuleShape3D_8stgb")

[node name="Physical Bone Tail_011" type="PhysicalBone3D" parent="Armature/Skeleton3D/PhysicalBoneSimulator3D" index="12"]
transform = Transform3D(-0.980093, 0.179576, -0.0846803, 0.0139584, -0.363135, -0.931632, -0.198049, -0.914268, 0.353399, 1.26259, 6.87086, -9.44307)
top_level = true
joint_type = 2
joint_offset = Transform3D(1, 0, 0, 0, 1, 0, 0, 0, 1, -0.0312465, -0.102937, 0.638776)
body_offset = Transform3D(0.999992, -0.00339033, 0.00197721, 0.00197104, -0.00179625, -0.999996, 0.00339372, 0.999992, -0.00178978, 0.0296342, 0.63865, 0.104186)
bone_name = "Tail.011"
joint_constraints/swing_span = 15.0
joint_constraints/twist_span = 5.0
joint_constraints/bias = 0.3
joint_constraints/softness = 0.8
joint_constraints/relaxation = 1.0

[node name="CollisionShape3D" type="CollisionShape3D" parent="Armature/Skeleton3D/PhysicalBoneSimulator3D/Physical Bone Tail_011" index="0"]
transform = Transform3D(1, 0, 0, 0, 0, 1, 0, -1, 0, 0, 0, 0)
shape = SubResource("CapsuleShape3D_pjteb")

[node name="Physical Bone Tail_012" type="PhysicalBone3D" parent="Armature/Skeleton3D/PhysicalBoneSimulator3D" index="13"]
transform = Transform3D(-0.979964, 0.183943, -0.0763879, 0.0141267, -0.318367, -0.947862, -0.198672, -0.92995, 0.30939, 1.3549, 8.01584, -9.88918)
top_level = true
joint_type = 2
joint_offset = Transform3D(1, 0, 0, 0, 1, 0, 0, 0, 1, -0.0433929, -0.151823, 0.801684)
body_offset = Transform3D(0.99999, -0.00417681, 0.00149604, 0.00148991, -0.0014483, -0.999998, 0.00417884, 0.99999, -0.00144234, 0.041559, 0.801527, 0.15316)
bone_name = "Tail.012"
joint_constraints/swing_span = 15.0
joint_constraints/twist_span = 5.0
joint_constraints/bias = 0.3
joint_constraints/softness = 0.8
joint_constraints/relaxation = 1.0

[node name="CollisionShape3D" type="CollisionShape3D" parent="Armature/Skeleton3D/PhysicalBoneSimulator3D/Physical Bone Tail_012" index="0"]
transform = Transform3D(1, 0, 0, 0, 0, 1, 0, -1, 0, 1.86265e-09, -0.0880956, -1.86265e-09)
shape = SubResource("CapsuleShape3D_2lw3i")

[node name="Physical Bone Tail_013" type="PhysicalBone3D" parent="Armature/Skeleton3D/PhysicalBoneSimulator3D" index="14"]
transform = Transform3D(-0.980008, 0.185772, -0.0712196, 0.0147787, -0.289005, -0.957213, -0.198406, -0.93913, 0.280482, 1.43832, 9.19221, -10.248)
top_level = true
joint_type = 2
joint_offset = Transform3D(1, 0, 0, 0, 1, 0, 0, 0, 1, -0.0479337, -0.150783, 0.730217)
body_offset = Transform3D(0.999991, -0.00390261, 0.00144878, 0.00143458, -0.00361854, -0.999992, 0.00390768, 0.999986, -0.00361317, 0.0462869, 0.729734, 0.153606)
bone_name = "Tail.013"
joint_constraints/swing_span = 15.0
joint_constraints/twist_span = 5.0
joint_constraints/bias = 0.3
joint_constraints/softness = 0.8
joint_constraints/relaxation = 1.0

[node name="CollisionShape3D" type="CollisionShape3D" parent="Armature/Skeleton3D/PhysicalBoneSimulator3D/Physical Bone Tail_013" index="0"]
transform = Transform3D(1, 0, 0, 0, 0, 1, 0, -1, 0, 9.31323e-10, -0.0786059, -0.331526)
shape = SubResource("CapsuleShape3D_gwsv7")

[node name="CharacterBody3D" type="CharacterBody3D" parent="." index="1"]
transform = Transform3D(1, 0, 0, 0, 1, 0, 0, 0, 1, 0, -2.38419e-07, 1.19209e-07)

[node name="CollisionShape3D" type="CollisionShape3D" parent="CharacterBody3D" index="0"]
transform = Transform3D(1, 0, 0, 0, 1, 0, 0, 0, 1, 0, 0.603505, 1.71313)
shape = SubResource("BoxShape3D_4c5uq")

[node name="MeshInstance3D" type="MeshInstance3D" parent="CharacterBody3D" index="1"]
transform = Transform3D(1, 0, 0, 0, 1, 0, 0, 0, 1, 0, 3.22607, 0)
mesh = SubResource("CapsuleMesh_4c5uq")

[node name="PinJoint3D" type="PinJoint3D" parent="." index="2"]
transform = Transform3D(1, 0, 0, 0, 1, 2.98023e-08, 0, -2.98023e-08, 1, 0, -7.15256e-07, 3.57628e-07)
node_a = NodePath("../CharacterBody3D")
node_b = NodePath("../Armature/Skeleton3D/PhysicalBoneSimulator3D/Physical Bone Root")
